  0.00000000E+00 -0.21911754E+02
  0.14746336E-01 -0.21911144E+02
  0.29492673E-01 -0.21909312E+02
  0.44239009E-01 -0.21906263E+02
  0.58985345E-01 -0.21902000E+02
  0.73731681E-01 -0.21896528E+02
  0.88478018E-01 -0.21889855E+02
  0.10322435E+00 -0.21881987E+02
  0.11797069E+00 -0.21872934E+02
  0.13271703E+00 -0.21862704E+02
  0.14746336E+00 -0.21851304E+02
  0.16220970E+00 -0.21838744E+02
  0.17695604E+00 -0.21825030E+02
  0.19170237E+00 -0.21810169E+02
  0.20644871E+00 -0.21794165E+02
  0.22119504E+00 -0.21777023E+02
  0.23594138E+00 -0.21758744E+02
  0.25068772E+00 -0.21739327E+02
  0.26543405E+00 -0.21718772E+02
  0.28018039E+00 -0.21697075E+02
  0.29492673E+00 -0.21674232E+02
  0.30967306E+00 -0.21650236E+02
  0.32441940E+00 -0.21625079E+02
  0.33916573E+00 -0.21598755E+02
  0.35391207E+00 -0.21571255E+02
  0.36865841E+00 -0.21542571E+02
  0.38340474E+00 -0.21512694E+02
  0.39815108E+00 -0.21481618E+02
  0.41289742E+00 -0.21449337E+02
  0.42764375E+00 -0.21415845E+02
  0.44239009E+00 -0.21381141E+02
  0.45713643E+00 -0.21345223E+02
  0.47188276E+00 -0.21308092E+02
  0.48662910E+00 -0.21269751E+02
  0.50137543E+00 -0.21230206E+02
  0.51612177E+00 -0.21189463E+02
  0.53086811E+00 -0.21147532E+02
  0.54561444E+00 -0.21104423E+02
  0.56036078E+00 -0.21060147E+02
  0.57510712E+00 -0.21014717E+02
  0.58985345E+00 -0.20968147E+02
  0.60459979E+00 -0.20920449E+02
  0.61934612E+00 -0.20871635E+02
  0.63409246E+00 -0.20821717E+02
  0.64883880E+00 -0.20770706E+02
  0.66358513E+00 -0.20718609E+02
  0.67833147E+00 -0.20665433E+02
  0.69307781E+00 -0.20611183E+02
  0.70782414E+00 -0.20555859E+02
  0.72257048E+00 -0.20499462E+02
  0.73731681E+00 -0.20441988E+02
  0.75206315E+00 -0.20383431E+02
  0.76680949E+00 -0.20323783E+02
  0.78155582E+00 -0.20263035E+02
  0.79630216E+00 -0.20201177E+02
  0.81104850E+00 -0.20138196E+02
  0.82579483E+00 -0.20074080E+02
  0.84054117E+00 -0.20008818E+02
  0.85528751E+00 -0.19942399E+02
  0.87003384E+00 -0.19874813E+02
  0.88478018E+00 -0.19806054E+02
  0.89952651E+00 -0.19736117E+02
  0.91427285E+00 -0.19665001E+02
  0.92901919E+00 -0.19592709E+02
  0.94376552E+00 -0.19519247E+02
  0.95851186E+00 -0.19444627E+02
  0.97325820E+00 -0.19368864E+02
  0.98800453E+00 -0.19291979E+02
  0.10027509E+01 -0.19213995E+02
  0.10174972E+01 -0.19134941E+02
  0.10322435E+01 -0.19054850E+02
  0.10469899E+01 -0.18973758E+02
  0.10617362E+01 -0.18891702E+02
  0.10764825E+01 -0.18808725E+02
  0.10912289E+01 -0.18724870E+02
  0.11059752E+01 -0.18640180E+02
  0.11207216E+01 -0.18554703E+02
  0.11354679E+01 -0.18468482E+02
  0.11502142E+01 -0.18381565E+02
  0.11649606E+01 -0.18293998E+02
  0.11797069E+01 -0.18205828E+02
  0.11944532E+01 -0.18117103E+02
  0.12091996E+01 -0.18027874E+02
  0.12239459E+01 -0.17938196E+02
  0.12386922E+01 -0.17848128E+02
  0.12534386E+01 -0.17757742E+02
  0.12681849E+01 -0.17667124E+02
  0.12829313E+01 -0.17576383E+02
  0.12976776E+01 -0.17485657E+02
  0.13124239E+01 -0.17395133E+02
  0.13271703E+01 -0.17305062E+02
  0.13419166E+01 -0.17215792E+02
  0.13566629E+01 -0.17127806E+02
  0.13714093E+01 -0.17041793E+02
  0.13861556E+01 -0.16958738E+02
  0.14009019E+01 -0.16880063E+02
  0.14156483E+01 -0.16807810E+02
  0.14303946E+01 -0.16744846E+02
  0.14451410E+01 -0.16694945E+02
  0.14598873E+01 -0.16662442E+02
  0.14746336E+01 -0.16651095E+02
  0.14893126E+01 -0.16650539E+02
  0.15039916E+01 -0.16648869E+02
  0.15186705E+01 -0.16646090E+02
  0.15333495E+01 -0.16642207E+02
  0.15480285E+01 -0.16637225E+02
  0.15627074E+01 -0.16631155E+02
  0.15773864E+01 -0.16624004E+02
  0.15920654E+01 -0.16615786E+02
  0.16067443E+01 -0.16606512E+02
  0.16214233E+01 -0.16596195E+02
  0.16361023E+01 -0.16584849E+02
  0.16507812E+01 -0.16572489E+02
  0.16654602E+01 -0.16559127E+02
  0.16801392E+01 -0.16544777E+02
  0.16948181E+01 -0.16529453E+02
  0.17094971E+01 -0.16513166E+02
  0.17241761E+01 -0.16495927E+02
  0.17388550E+01 -0.16477746E+02
  0.17535340E+01 -0.16458632E+02
  0.17682130E+01 -0.16438590E+02
  0.17828919E+01 -0.16417625E+02
  0.17975709E+01 -0.16395740E+02
  0.18122499E+01 -0.16372937E+02
  0.18269289E+01 -0.16349215E+02
  0.18416078E+01 -0.16324570E+02
  0.18562868E+01 -0.16299000E+02
  0.18709658E+01 -0.16272499E+02
  0.18856447E+01 -0.16245060E+02
  0.19003237E+01 -0.16216675E+02
  0.19150027E+01 -0.16187335E+02
  0.19296816E+01 -0.16157031E+02
  0.19443606E+01 -0.16125754E+02
  0.19590396E+01 -0.16093494E+02
  0.19737185E+01 -0.16060240E+02
  0.19883975E+01 -0.16025984E+02
  0.20030765E+01 -0.15990717E+02
  0.20177554E+01 -0.15954431E+02
  0.20324344E+01 -0.15917120E+02
  0.20471134E+01 -0.15878777E+02
  0.20617923E+01 -0.15839399E+02
  0.20764713E+01 -0.15798983E+02
  0.20911503E+01 -0.15757526E+02
  0.21058292E+01 -0.15715030E+02
  0.21205082E+01 -0.15671496E+02
  0.21351872E+01 -0.15626926E+02
  0.21498661E+01 -0.15581325E+02
  0.21645451E+01 -0.15534699E+02
  0.21792241E+01 -0.15487053E+02
  0.21939030E+01 -0.15438395E+02
  0.22085820E+01 -0.15388734E+02
  0.22232610E+01 -0.15338077E+02
  0.22379399E+01 -0.15286435E+02
  0.22526189E+01 -0.15233815E+02
  0.22672979E+01 -0.15180228E+02
  0.22819768E+01 -0.15125681E+02
  0.22966558E+01 -0.15070182E+02
  0.23113348E+01 -0.15013740E+02
  0.23260138E+01 -0.14956361E+02
  0.23408204E+01 -0.15017466E+02
  0.23556270E+01 -0.15084850E+02
  0.23704336E+01 -0.15157821E+02
  0.23852402E+01 -0.15235678E+02
  0.24000468E+01 -0.15317745E+02
  0.24148534E+01 -0.15403398E+02
  0.24296600E+01 -0.15492070E+02
  0.24444666E+01 -0.15583260E+02
  0.24592732E+01 -0.15676530E+02
  0.24740799E+01 -0.15771497E+02
  0.24888865E+01 -0.15867831E+02
  0.25036931E+01 -0.15965247E+02
  0.25184997E+01 -0.16063501E+02
  0.25333063E+01 -0.16162379E+02
  0.25481129E+01 -0.16261698E+02
  0.25629195E+01 -0.16361298E+02
  0.25777261E+01 -0.16461041E+02
  0.25925327E+01 -0.16560803E+02
  0.26073394E+01 -0.16660477E+02
  0.26221460E+01 -0.16759967E+02
  0.26369526E+01 -0.16859190E+02
  0.26517592E+01 -0.16958068E+02
  0.26665658E+01 -0.17056532E+02
  0.26813724E+01 -0.17154521E+02
  0.26961790E+01 -0.17251977E+02
  0.27109856E+01 -0.17348850E+02
  0.27257922E+01 -0.17445091E+02
  0.27405989E+01 -0.17540657E+02
  0.27554055E+01 -0.17635508E+02
  0.27702121E+01 -0.17729608E+02
  0.27850187E+01 -0.17822923E+02
  0.27998253E+01 -0.17915423E+02
  0.28146319E+01 -0.18007078E+02
  0.28294385E+01 -0.18097865E+02
  0.28442451E+01 -0.18187760E+02
  0.28590517E+01 -0.18276743E+02
  0.28738584E+01 -0.18364796E+02
  0.28886650E+01 -0.18451904E+02
  0.29034716E+01 -0.18538053E+02
  0.29182782E+01 -0.18623232E+02
  0.29330848E+01 -0.18707431E+02
  0.29478914E+01 -0.18790644E+02
  0.29626980E+01 -0.18872864E+02
  0.29775046E+01 -0.18954086E+02
  0.29923112E+01 -0.19034308E+02
  0.30071179E+01 -0.19113527E+02
  0.30219245E+01 -0.19191741E+02
  0.30367311E+01 -0.19268951E+02
  0.30515377E+01 -0.19345155E+02
  0.30663443E+01 -0.19420353E+02
  0.30811509E+01 -0.19494545E+02
  0.30959575E+01 -0.19567731E+02
  0.31107641E+01 -0.19639908E+02
  0.31255707E+01 -0.19711075E+02
  0.31403773E+01 -0.19781229E+02
  0.31551840E+01 -0.19850367E+02
  0.31699906E+01 -0.19918485E+02
  0.31847972E+01 -0.19985576E+02
  0.31996038E+01 -0.20051634E+02
  0.32144104E+01 -0.20116651E+02
  0.32292170E+01 -0.20180619E+02
  0.32440236E+01 -0.20243527E+02
  0.32588302E+01 -0.20305367E+02
  0.32736368E+01 -0.20366125E+02
  0.32884435E+01 -0.20425791E+02
  0.33032501E+01 -0.20484353E+02
  0.33180567E+01 -0.20541798E+02
  0.33328633E+01 -0.20598114E+02
  0.33476699E+01 -0.20653290E+02
  0.33624765E+01 -0.20707314E+02
  0.33772831E+01 -0.20760175E+02
  0.33920897E+01 -0.20811863E+02
  0.34068963E+01 -0.20862369E+02
  0.34217030E+01 -0.20911685E+02
  0.34365096E+01 -0.20959803E+02
  0.34513162E+01 -0.21006719E+02
  0.34661228E+01 -0.21052427E+02
  0.34809294E+01 -0.21096926E+02
  0.34957360E+01 -0.21140212E+02
  0.35105426E+01 -0.21182287E+02
  0.35253492E+01 -0.21223151E+02
  0.35401558E+01 -0.21262806E+02
  0.35549625E+01 -0.21301254E+02
  0.35697691E+01 -0.21338502E+02
  0.35845757E+01 -0.21374551E+02
  0.35993823E+01 -0.21409410E+02
  0.36141889E+01 -0.21443082E+02
  0.36289955E+01 -0.21475573E+02
  0.36438021E+01 -0.21506890E+02
  0.36586087E+01 -0.21537038E+02
  0.36734153E+01 -0.21566023E+02
  0.36882219E+01 -0.21593847E+02
  0.37030286E+01 -0.21620517E+02
  0.37178352E+01 -0.21646034E+02
  0.37326418E+01 -0.21670401E+02
  0.37474484E+01 -0.21693618E+02
  0.37622550E+01 -0.21715687E+02
  0.37770616E+01 -0.21736605E+02
  0.37918682E+01 -0.21756371E+02
  0.38066748E+01 -0.21774982E+02
  0.38214814E+01 -0.21792433E+02
  0.38362881E+01 -0.21808721E+02
  0.38510947E+01 -0.21823838E+02
  0.38659013E+01 -0.21837780E+02
  0.38807079E+01 -0.21850540E+02
  0.38955145E+01 -0.21862111E+02
  0.39103211E+01 -0.21872486E+02
  0.39251277E+01 -0.21881659E+02
  0.39399343E+01 -0.21889624E+02
  0.39547409E+01 -0.21896374E+02
  0.39695476E+01 -0.21901905E+02
  0.39843542E+01 -0.21906211E+02
  0.39991608E+01 -0.21909290E+02
  0.40139674E+01 -0.21911138E+02
  0.40287740E+01 -0.21911754E+02
  
  0.00000000E+00 -0.99935497E+01
  0.14746336E-01 -0.99928389E+01
  0.29492673E-01 -0.99907063E+01
  0.44239009E-01 -0.99871523E+01
  0.58985345E-01 -0.99821772E+01
  0.73731681E-01 -0.99757814E+01
  0.88478018E-01 -0.99679655E+01
  0.10322435E+00 -0.99587302E+01
  0.11797069E+00 -0.99480764E+01
  0.13271703E+00 -0.99360051E+01
  0.14746336E+00 -0.99225174E+01
  0.16220970E+00 -0.99076146E+01
  0.17695604E+00 -0.98912980E+01
  0.19170237E+00 -0.98735690E+01
  0.20644871E+00 -0.98544295E+01
  0.22119504E+00 -0.98338811E+01
  0.23594138E+00 -0.98119258E+01
  0.25068772E+00 -0.97885656E+01
  0.26543405E+00 -0.97638028E+01
  0.28018039E+00 -0.97376397E+01
  0.29492673E+00 -0.97100789E+01
  0.30967306E+00 -0.96811229E+01
  0.32441940E+00 -0.96507748E+01
  0.33916573E+00 -0.96190375E+01
  0.35391207E+00 -0.95859143E+01
  0.36865841E+00 -0.95514085E+01
  0.38340474E+00 -0.95155239E+01
  0.39815108E+00 -0.94782642E+01
  0.41289742E+00 -0.94396335E+01
  0.42764375E+00 -0.93996361E+01
  0.44239009E+00 -0.93582765E+01
  0.45713643E+00 -0.93155595E+01
  0.47188276E+00 -0.92714902E+01
  0.48662910E+00 -0.92260738E+01
  0.50137543E+00 -0.91793161E+01
  0.51612177E+00 -0.91312228E+01
  0.53086811E+00 -0.90818004E+01
  0.54561444E+00 -0.90310554E+01
  0.56036078E+00 -0.89789948E+01
  0.57510712E+00 -0.89256260E+01
  0.58985345E+00 -0.88709568E+01
  0.60459979E+00 -0.88149956E+01
  0.61934612E+00 -0.87577510E+01
  0.63409246E+00 -0.88659425E+01
  0.64883880E+00 -0.89954913E+01
  0.66358513E+00 -0.91258068E+01
  0.67833147E+00 -0.92568041E+01
  0.69307781E+00 -0.93883985E+01
  0.70782414E+00 -0.95205060E+01
  0.72257048E+00 -0.96530438E+01
  0.73731681E+00 -0.97859306E+01
  0.75206315E+00 -0.99190869E+01
  0.76680949E+00 -0.10052436E+02
  0.78155582E+00 -0.10185903E+02
  0.79630216E+00 -0.10319417E+02
  0.81104850E+00 -0.10452913E+02
  0.82579483E+00 -0.10586326E+02
  0.84054117E+00 -0.10719600E+02
  0.85528751E+00 -0.10852682E+02
  0.87003384E+00 -0.10985524E+02
  0.88478018E+00 -0.11118084E+02
  0.89952651E+00 -0.11250327E+02
  0.91427285E+00 -0.11382222E+02
  0.92901919E+00 -0.11513744E+02
  0.94376552E+00 -0.11644873E+02
  0.95851186E+00 -0.11775595E+02
  0.97325820E+00 -0.11905900E+02
  0.98800453E+00 -0.12035781E+02
  0.10027509E+01 -0.12165235E+02
  0.10174972E+01 -0.12294261E+02
  0.10322435E+01 -0.12422859E+02
  0.10469899E+01 -0.12551031E+02
  0.10617362E+01 -0.12678778E+02
  0.10764825E+01 -0.12806097E+02
  0.10912289E+01 -0.12932985E+02
  0.11059752E+01 -0.13059435E+02
  0.11207216E+01 -0.13185433E+02
  0.11354679E+01 -0.13310961E+02
  0.11502142E+01 -0.13435993E+02
  0.11649606E+01 -0.13560494E+02
  0.11797069E+01 -0.13684420E+02
  0.11944532E+01 -0.13807716E+02
  0.12091996E+01 -0.13930312E+02
  0.12239459E+01 -0.14052127E+02
  0.12386922E+01 -0.14173060E+02
  0.12534386E+01 -0.14292993E+02
  0.12681849E+01 -0.14411780E+02
  0.12829313E+01 -0.14529248E+02
  0.12976776E+01 -0.14645183E+02
  0.13124239E+01 -0.14759321E+02
  0.13271703E+01 -0.14871328E+02
  0.13419166E+01 -0.14980772E+02
  0.13566629E+01 -0.15087084E+02
  0.13714093E+01 -0.15189495E+02
  0.13861556E+01 -0.15286940E+02
  0.14009019E+01 -0.15377926E+02
  0.14156483E+01 -0.15460346E+02
  0.14303946E+01 -0.15531277E+02
  0.14451410E+01 -0.15586902E+02
  0.14598873E+01 -0.15622853E+02
  0.14746336E+01 -0.15635351E+02
  0.14893126E+01 -0.15634787E+02
  0.15039916E+01 -0.15633098E+02
  0.15186705E+01 -0.15630287E+02
  0.15333495E+01 -0.15626360E+02
  0.15480285E+01 -0.15621323E+02
  0.15627074E+01 -0.15615188E+02
  0.15773864E+01 -0.15607965E+02
  0.15920654E+01 -0.15599668E+02
  0.16067443E+01 -0.15590312E+02
  0.16214233E+01 -0.15579914E+02
  0.16361023E+01 -0.15568493E+02
  0.16507812E+01 -0.15556066E+02
  0.16654602E+01 -0.15542654E+02
  0.16801392E+01 -0.15528279E+02
  0.16948181E+01 -0.15512962E+02
  0.17094971E+01 -0.15496724E+02
  0.17241761E+01 -0.15479590E+02
  0.17388550E+01 -0.15461583E+02
  0.17535340E+01 -0.15442725E+02
  0.17682130E+01 -0.15423042E+02
  0.17828919E+01 -0.15402558E+02
  0.17975709E+01 -0.15381298E+02
  0.18122499E+01 -0.15359289E+02
  0.18269289E+01 -0.15336557E+02
  0.18416078E+01 -0.15313132E+02
  0.18562868E+01 -0.15289044E+02
  0.18709658E+01 -0.15264325E+02
  0.18856447E+01 -0.15239011E+02
  0.19003237E+01 -0.15213141E+02
  0.19150027E+01 -0.15186757E+02
  0.19296816E+01 -0.15159910E+02
  0.19443606E+01 -0.15132653E+02
  0.19590396E+01 -0.15105049E+02
  0.19737185E+01 -0.15077171E+02
  0.19883975E+01 -0.15049099E+02
  0.20030765E+01 -0.15020932E+02
  0.20177554E+01 -0.14992781E+02
  0.20324344E+01 -0.14964775E+02
  0.20471134E+01 -0.14937069E+02
  0.20617923E+01 -0.14909841E+02
  0.20764713E+01 -0.14883303E+02
  0.20911503E+01 -0.14857701E+02
  0.21058292E+01 -0.14833326E+02
  0.21205082E+01 -0.14810519E+02
  0.21351872E+01 -0.14789676E+02
  0.21498661E+01 -0.14771257E+02
  0.21645451E+01 -0.14755789E+02
  0.21792241E+01 -0.14743866E+02
  0.21939030E+01 -0.14736144E+02
  0.22085820E+01 -0.14733326E+02
  0.22232610E+01 -0.14736134E+02
  0.22379399E+01 -0.14745269E+02
  0.22526189E+01 -0.14761359E+02
  0.22672979E+01 -0.14784898E+02
  0.22819768E+01 -0.14816194E+02
  0.22966558E+01 -0.14855335E+02
  0.23113348E+01 -0.14902176E+02
  0.23260138E+01 -0.14956361E+02
  0.23408204E+01 -0.14897979E+02
  0.23556270E+01 -0.14838626E+02
  0.23704336E+01 -0.14778298E+02
  0.23852402E+01 -0.14716992E+02
  0.24000468E+01 -0.14654704E+02
  0.24148534E+01 -0.14591428E+02
  0.24296600E+01 -0.14527161E+02
  0.24444666E+01 -0.14461900E+02
  0.24592732E+01 -0.14395642E+02
  0.24740799E+01 -0.14328385E+02
  0.24888865E+01 -0.14260127E+02
  0.25036931E+01 -0.14190868E+02
  0.25184997E+01 -0.14120608E+02
  0.25333063E+01 -0.14049351E+02
  0.25481129E+01 -0.13977099E+02
  0.25629195E+01 -0.13903856E+02
  0.25777261E+01 -0.13829629E+02
  0.25925327E+01 -0.13754424E+02
  0.26073394E+01 -0.13678250E+02
  0.26221460E+01 -0.13601115E+02
  0.26369526E+01 -0.13523030E+02
  0.26517592E+01 -0.13444006E+02
  0.26665658E+01 -0.13364054E+02
  0.26813724E+01 -0.13283186E+02
  0.26961790E+01 -0.13201415E+02
  0.27109856E+01 -0.13118754E+02
  0.27257922E+01 -0.13035215E+02
  0.27405989E+01 -0.12950811E+02
  0.27554055E+01 -0.12865554E+02
  0.27702121E+01 -0.12779456E+02
  0.27850187E+01 -0.12692529E+02
  0.27998253E+01 -0.12604782E+02
  0.28146319E+01 -0.12516228E+02
  0.28294385E+01 -0.12426874E+02
  0.28442451E+01 -0.12336729E+02
  0.28590517E+01 -0.12245802E+02
  0.28738584E+01 -0.12154100E+02
  0.28886650E+01 -0.12061629E+02
  0.29034716E+01 -0.11968395E+02
  0.29182782E+01 -0.11874406E+02
  0.29330848E+01 -0.11779666E+02
  0.29478914E+01 -0.11684181E+02
  0.29626980E+01 -0.11587959E+02
  0.29775046E+01 -0.11491004E+02
  0.29923112E+01 -0.11393325E+02
  0.30071179E+01 -0.11294931E+02
  0.30219245E+01 -0.11195830E+02
  0.30367311E+01 -0.11096035E+02
  0.30515377E+01 -0.10995556E+02
  0.30663443E+01 -0.10894410E+02
  0.30811509E+01 -0.10792613E+02
  0.30959575E+01 -0.10690184E+02
  0.31107641E+01 -0.10587143E+02
  0.31255707E+01 -0.10483514E+02
  0.31403773E+01 -0.10379322E+02
  0.31551840E+01 -0.10274597E+02
  0.31699906E+01 -0.10169367E+02
  0.31847972E+01 -0.10063666E+02
  0.31996038E+01 -0.99575285E+01
  0.32144104E+01 -0.98509906E+01
  0.32292170E+01 -0.97440911E+01
  0.32440236E+01 -0.96368701E+01
  0.32588302E+01 -0.95293693E+01
  0.32736368E+01 -0.94216318E+01
  0.32884435E+01 -0.93137021E+01
  0.33032501E+01 -0.92056256E+01
  0.33180567E+01 -0.90974489E+01
  0.33328633E+01 -0.89892197E+01
  0.33476699E+01 -0.88809867E+01
  0.33624765E+01 -0.87727994E+01
  0.33772831E+01 -0.86647089E+01
  0.33920897E+01 -0.86880433E+01
  0.34068963E+01 -0.87471166E+01
  0.34217030E+01 -0.88048951E+01
  0.34365096E+01 -0.88613711E+01
  0.34513162E+01 -0.89165372E+01
  0.34661228E+01 -0.89703862E+01
  0.34809294E+01 -0.90229111E+01
  0.34957360E+01 -0.90741053E+01
  0.35105426E+01 -0.91239623E+01
  0.35253492E+01 -0.91724759E+01
  0.35401558E+01 -0.92196402E+01
  0.35549625E+01 -0.92654496E+01
  0.35697691E+01 -0.93098986E+01
  0.35845757E+01 -0.93529821E+01
  0.35993823E+01 -0.93946951E+01
  0.36141889E+01 -0.94350330E+01
  0.36289955E+01 -0.94739914E+01
  0.36438021E+01 -0.95115660E+01
  0.36586087E+01 -0.95477530E+01
  0.36734153E+01 -0.95825485E+01
  0.36882219E+01 -0.96159490E+01
  0.37030286E+01 -0.96479511E+01
  0.37178352E+01 -0.96785519E+01
  0.37326418E+01 -0.97077482E+01
  0.37474484E+01 -0.97355373E+01
  0.37622550E+01 -0.97619167E+01
  0.37770616E+01 -0.97868838E+01
  0.37918682E+01 -0.98104364E+01
  0.38066748E+01 -0.98325723E+01
  0.38214814E+01 -0.98532895E+01
  0.38362881E+01 -0.98725861E+01
  0.38510947E+01 -0.98904604E+01
  0.38659013E+01 -0.99069108E+01
  0.38807079E+01 -0.99219357E+01
  0.38955145E+01 -0.99355339E+01
  0.39103211E+01 -0.99477040E+01
  0.39251277E+01 -0.99584450E+01
  0.39399343E+01 -0.99677559E+01
  0.39547409E+01 -0.99756358E+01
  0.39695476E+01 -0.99820840E+01
  0.39843542E+01 -0.99870999E+01
  0.39991608E+01 -0.99906831E+01
  0.40139674E+01 -0.99928331E+01
  0.40287740E+01 -0.99935497E+01
  
  0.00000000E+00 -0.53798524E+01
  0.14746336E-01 -0.53823422E+01
  0.29492673E-01 -0.53898053E+01
  0.44239009E-01 -0.54022220E+01
  0.58985345E-01 -0.54195598E+01
  0.73731681E-01 -0.54417738E+01
  0.88478018E-01 -0.54688071E+01
  0.10322435E+00 -0.55005915E+01
  0.11797069E+00 -0.55370483E+01
  0.13271703E+00 -0.55780891E+01
  0.14746336E+00 -0.56236168E+01
  0.16220970E+00 -0.56735265E+01
  0.17695604E+00 -0.57277065E+01
  0.19170237E+00 -0.57860394E+01
  0.20644871E+00 -0.58484032E+01
  0.22119504E+00 -0.59146721E+01
  0.23594138E+00 -0.59847178E+01
  0.25068772E+00 -0.60584103E+01
  0.26543405E+00 -0.61356187E+01
  0.28018039E+00 -0.62162122E+01
  0.29492673E+00 -0.63000607E+01
  0.30967306E+00 -0.63870356E+01
  0.32441940E+00 -0.64770101E+01
  0.33916573E+00 -0.65698600E+01
  0.35391207E+00 -0.66654639E+01
  0.36865841E+00 -0.67637035E+01
  0.38340474E+00 -0.68644640E+01
  0.39815108E+00 -0.69676336E+01
  0.41289742E+00 -0.70731043E+01
  0.42764375E+00 -0.71807712E+01
  0.44239009E+00 -0.72905326E+01
  0.45713643E+00 -0.74022900E+01
  0.47188276E+00 -0.75159473E+01
  0.48662910E+00 -0.76314112E+01
  0.50137543E+00 -0.77485902E+01
  0.51612177E+00 -0.78673948E+01
  0.53086811E+00 -0.79877369E+01
  0.54561444E+00 -0.81095294E+01
  0.56036078E+00 -0.82326862E+01
  0.57510712E+00 -0.83571215E+01
  0.58985345E+00 -0.84827501E+01
  0.60459979E+00 -0.86094866E+01
  0.61934612E+00 -0.87372459E+01
  0.63409246E+00 -0.86992325E+01
  0.64883880E+00 -0.86394499E+01
  0.66358513E+00 -0.85784139E+01
  0.67833147E+00 -0.85161355E+01
  0.69307781E+00 -0.84526269E+01
  0.70782414E+00 -0.83879006E+01
  0.72257048E+00 -0.83219703E+01
  0.73731681E+00 -0.82548506E+01
  0.75206315E+00 -0.81865568E+01
  0.76680949E+00 -0.81171057E+01
  0.78155582E+00 -0.80465147E+01
  0.79630216E+00 -0.79748029E+01
  0.81104850E+00 -0.79019904E+01
  0.82579483E+00 -0.78280988E+01
  0.84054117E+00 -0.77531512E+01
  0.85528751E+00 -0.77768670E+01
  0.87003384E+00 -0.78216171E+01
  0.88478018E+00 -0.78656988E+01
  0.89952651E+00 -0.79090834E+01
  0.91427285E+00 -0.79517399E+01
  0.92901919E+00 -0.79936354E+01
  0.94376552E+00 -0.80347347E+01
  0.95851186E+00 -0.80750013E+01
  0.97325820E+00 -0.81143970E+01
  0.98800453E+00 -0.81528828E+01
  0.10027509E+01 -0.81904189E+01
  0.10174972E+01 -0.82269653E+01
  0.10322435E+01 -0.82624825E+01
  0.10469899E+01 -0.82969315E+01
  0.10617362E+01 -0.83302750E+01
  0.10764825E+01 -0.83624774E+01
  0.10912289E+01 -0.83935056E+01
  0.11059752E+01 -0.84233295E+01
  0.11207216E+01 -0.84519223E+01
  0.11354679E+01 -0.84792609E+01
  0.11502142E+01 -0.85053264E+01
  0.11649606E+01 -0.85301045E+01
  0.11797069E+01 -0.85535851E+01
  0.11944532E+01 -0.85757630E+01
  0.12091996E+01 -0.85966377E+01
  0.12239459E+01 -0.86162132E+01
  0.12386922E+01 -0.86344978E+01
  0.12534386E+01 -0.86515041E+01
  0.12681849E+01 -0.86672482E+01
  0.12829313E+01 -0.86817496E+01
  0.12976776E+01 -0.86950305E+01
  0.13124239E+01 -0.87071151E+01
  0.13271703E+01 -0.87180294E+01
  0.13419166E+01 -0.87277999E+01
  0.13566629E+01 -0.87364534E+01
  0.13714093E+01 -0.87440162E+01
  0.13861556E+01 -0.87505132E+01
  0.14009019E+01 -0.87559676E+01
  0.14156483E+01 -0.87604001E+01
  0.14303946E+01 -0.87638283E+01
  0.14451410E+01 -0.87662665E+01
  0.14598873E+01 -0.87677252E+01
  0.14746336E+01 -0.87682107E+01
  0.14893126E+01 -0.87708676E+01
  0.15039916E+01 -0.87788308E+01
  0.15186705E+01 -0.87920783E+01
  0.15333495E+01 -0.88105732E+01
  0.15480285E+01 -0.88342642E+01
  0.15627074E+01 -0.88630852E+01
  0.15773864E+01 -0.88969554E+01
  0.15920654E+01 -0.89357801E+01
  0.16067443E+01 -0.89794501E+01
  0.16214233E+01 -0.90278427E+01
  0.16361023E+01 -0.90808221E+01
  0.16507812E+01 -0.91382397E+01
  0.16654602E+01 -0.91999351E+01
  0.16801392E+01 -0.92657374E+01
  0.16948181E+01 -0.93354656E+01
  0.17094971E+01 -0.94089303E+01
  0.17241761E+01 -0.94859347E+01
  0.17388550E+01 -0.95662764E+01
  0.17535340E+01 -0.96497486E+01
  0.17682130E+01 -0.97361413E+01
  0.17828919E+01 -0.98252434E+01
  0.17975709E+01 -0.99168434E+01
  0.18122499E+01 -0.10010731E+02
  0.18269289E+01 -0.10106699E+02
  0.18416078E+01 -0.10204542E+02
  0.18562868E+01 -0.10304060E+02
  0.18709658E+01 -0.10405056E+02
  0.18856447E+01 -0.10507340E+02
  0.19003237E+01 -0.10610724E+02
  0.19150027E+01 -0.10715027E+02
  0.19296816E+01 -0.10820070E+02
  0.19443606E+01 -0.10925676E+02
  0.19590396E+01 -0.11031671E+02
  0.19737185E+01 -0.11137880E+02
  0.19883975E+01 -0.11244125E+02
  0.20030765E+01 -0.11350222E+02
  0.20177554E+01 -0.11455979E+02
  0.20324344E+01 -0.11561193E+02
  0.20471134E+01 -0.11665643E+02
  0.20617923E+01 -0.11769088E+02
  0.20764713E+01 -0.11871258E+02
  0.20911503E+01 -0.11971852E+02
  0.21058292E+01 -0.12070528E+02
  0.21205082E+01 -0.12166897E+02
  0.21351872E+01 -0.12260514E+02
  0.21498661E+01 -0.12350873E+02
  0.21645451E+01 -0.12437403E+02
  0.21792241E+01 -0.12519464E+02
  0.21939030E+01 -0.12596355E+02
  0.22085820E+01 -0.12667329E+02
  0.22232610E+01 -0.12731617E+02
  0.22379399E+01 -0.12788474E+02
  0.22526189E+01 -0.12837227E+02
  0.22672979E+01 -0.12877337E+02
  0.22819768E+01 -0.12908452E+02
  0.22966558E+01 -0.12930440E+02
  0.23113348E+01 -0.12943406E+02
  0.23260138E+01 -0.12947663E+02
  0.23408204E+01 -0.12943641E+02
  0.23556270E+01 -0.12931889E+02
  0.23704336E+01 -0.12913072E+02
  0.23852402E+01 -0.12887872E+02
  0.24000468E+01 -0.12856942E+02
  0.24148534E+01 -0.12820893E+02
  0.24296600E+01 -0.12780278E+02
  0.24444666E+01 -0.12735587E+02
  0.24592732E+01 -0.12687255E+02
  0.24740799E+01 -0.12635658E+02
  0.24888865E+01 -0.12581127E+02
  0.25036931E+01 -0.12523947E+02
  0.25184997E+01 -0.12464368E+02
  0.25333063E+01 -0.12402607E+02
  0.25481129E+01 -0.12338855E+02
  0.25629195E+01 -0.12273280E+02
  0.25777261E+01 -0.12206028E+02
  0.25925327E+01 -0.12137230E+02
  0.26073394E+01 -0.12067001E+02
  0.26221460E+01 -0.11995444E+02
  0.26369526E+01 -0.11922649E+02
  0.26517592E+01 -0.11848698E+02
  0.26665658E+01 -0.11773662E+02
  0.26813724E+01 -0.11697603E+02
  0.26961790E+01 -0.11620578E+02
  0.27109856E+01 -0.11542634E+02
  0.27257922E+01 -0.11463816E+02
  0.27405989E+01 -0.11384159E+02
  0.27554055E+01 -0.11303695E+02
  0.27702121E+01 -0.11222451E+02
  0.27850187E+01 -0.11140451E+02
  0.27998253E+01 -0.11057714E+02
  0.28146319E+01 -0.10974258E+02
  0.28294385E+01 -0.10890098E+02
  0.28442451E+01 -0.10805247E+02
  0.28590517E+01 -0.10719720E+02
  0.28738584E+01 -0.10633528E+02
  0.28886650E+01 -0.10546686E+02
  0.29034716E+01 -0.10459208E+02
  0.29182782E+01 -0.10371112E+02
  0.29330848E+01 -0.10282417E+02
  0.29478914E+01 -0.10193145E+02
  0.29626980E+01 -0.10103322E+02
  0.29775046E+01 -0.10012977E+02
  0.29923112E+01 -0.99221435E+01
  0.30071179E+01 -0.98308599E+01
  0.30219245E+01 -0.97391676E+01
  0.30367311E+01 -0.96471128E+01
  0.30515377E+01 -0.95547457E+01
  0.30663443E+01 -0.94621203E+01
  0.30811509E+01 -0.93692941E+01
  0.30959575E+01 -0.92763276E+01
  0.31107641E+01 -0.91832838E+01
  0.31255707E+01 -0.90902277E+01
  0.31403773E+01 -0.89972255E+01
  0.31551840E+01 -0.89043442E+01
  0.31699906E+01 -0.88116505E+01
  0.31847972E+01 -0.87192108E+01
  0.31996038E+01 -0.86270897E+01
  0.32144104E+01 -0.85353501E+01
  0.32292170E+01 -0.84440524E+01
  0.32440236E+01 -0.83532539E+01
  0.32588302E+01 -0.82630087E+01
  0.32736368E+01 -0.81733670E+01
  0.32884435E+01 -0.82389815E+01
  0.33032501E+01 -0.83068793E+01
  0.33180567E+01 -0.83735441E+01
  0.33328633E+01 -0.84389661E+01
  0.33476699E+01 -0.85031360E+01
  0.33624765E+01 -0.85660447E+01
  0.33772831E+01 -0.86276833E+01
  0.33920897E+01 -0.85567673E+01
  0.34068963E+01 -0.84490281E+01
  0.34217030E+01 -0.83415467E+01
  0.34365096E+01 -0.82343804E+01
  0.34513162E+01 -0.81275888E+01
  0.34661228E+01 -0.80212341E+01
  0.34809294E+01 -0.79153817E+01
  0.34957360E+01 -0.78101003E+01
  0.35105426E+01 -0.77054627E+01
  0.35253492E+01 -0.76015458E+01
  0.35401558E+01 -0.74984314E+01
  0.35549625E+01 -0.73962063E+01
  0.35697691E+01 -0.72949631E+01
  0.35845757E+01 -0.71948001E+01
  0.35993823E+01 -0.70958217E+01
  0.36141889E+01 -0.69981388E+01
  0.36289955E+01 -0.69018687E+01
  0.36438021E+01 -0.68071355E+01
  0.36586087E+01 -0.67140696E+01
  0.36734153E+01 -0.66228079E+01
  0.36882219E+01 -0.65334935E+01
  0.37030286E+01 -0.64462755E+01
  0.37178352E+01 -0.63613080E+01
  0.37326418E+01 -0.62787502E+01
  0.37474484E+01 -0.61987654E+01
  0.37622550E+01 -0.61215199E+01
  0.37770616E+01 -0.60471829E+01
  0.37918682E+01 -0.59759245E+01
  0.38066748E+01 -0.59079155E+01
  0.38214814E+01 -0.58433256E+01
  0.38362881E+01 -0.57823224E+01
  0.38510947E+01 -0.57250701E+01
  0.38659013E+01 -0.56717283E+01
  0.38807079E+01 -0.56224501E+01
  0.38955145E+01 -0.55773813E+01
  0.39103211E+01 -0.55366589E+01
  0.39251277E+01 -0.55004093E+01
  0.39399343E+01 -0.54687478E+01
  0.39547409E+01 -0.54417768E+01
  0.39695476E+01 -0.54195851E+01
  0.39843542E+01 -0.54022465E+01
  0.39991608E+01 -0.53898195E+01
  0.40139674E+01 -0.53823463E+01
  0.40287740E+01 -0.53798524E+01
  
  0.00000000E+00 -0.53798517E+01
  0.14746336E-01 -0.53811390E+01
  0.29492673E-01 -0.53849975E+01
  0.44239009E-01 -0.53914185E+01
  0.58985345E-01 -0.54003871E+01
  0.73731681E-01 -0.54118823E+01
  0.88478018E-01 -0.54258774E+01
  0.10322435E+00 -0.54423393E+01
  0.11797069E+00 -0.54612291E+01
  0.13271703E+00 -0.54825014E+01
  0.14746336E+00 -0.55061052E+01
  0.16220970E+00 -0.55319833E+01
  0.17695604E+00 -0.55600725E+01
  0.19170237E+00 -0.55903041E+01
  0.20644871E+00 -0.56226038E+01
  0.22119504E+00 -0.56568921E+01
  0.23594138E+00 -0.56930848E+01
  0.25068772E+00 -0.57310929E+01
  0.26543405E+00 -0.57708239E+01
  0.28018039E+00 -0.58121814E+01
  0.29492673E+00 -0.58550665E+01
  0.30967306E+00 -0.58993776E+01
  0.32441940E+00 -0.59450119E+01
  0.33916573E+00 -0.59918653E+01
  0.35391207E+00 -0.60398333E+01
  0.36865841E+00 -0.60888118E+01
  0.38340474E+00 -0.61386977E+01
  0.39815108E+00 -0.61893892E+01
  0.41289742E+00 -0.62407869E+01
  0.42764375E+00 -0.62927937E+01
  0.44239009E+00 -0.63453158E+01
  0.45713643E+00 -0.63982630E+01
  0.47188276E+00 -0.64515490E+01
  0.48662910E+00 -0.65050918E+01
  0.50137543E+00 -0.65588137E+01
  0.51612177E+00 -0.66126420E+01
  0.53086811E+00 -0.66665087E+01
  0.54561444E+00 -0.67203507E+01
  0.56036078E+00 -0.67741098E+01
  0.57510712E+00 -0.68277327E+01
  0.58985345E+00 -0.68811708E+01
  0.60459979E+00 -0.69343801E+01
  0.61934612E+00 -0.69873209E+01
  0.63409246E+00 -0.70399575E+01
  0.64883880E+00 -0.70922583E+01
  0.66358513E+00 -0.71441946E+01
  0.67833147E+00 -0.71957411E+01
  0.69307781E+00 -0.72468750E+01
  0.70782414E+00 -0.72975757E+01
  0.72257048E+00 -0.73478241E+01
  0.73731681E+00 -0.73976028E+01
  0.75206315E+00 -0.74468947E+01
  0.76680949E+00 -0.74956836E+01
  0.78155582E+00 -0.75439527E+01
  0.79630216E+00 -0.75916850E+01
  0.81104850E+00 -0.76388626E+01
  0.82579483E+00 -0.76854663E+01
  0.84054117E+00 -0.77314753E+01
  0.85528751E+00 -0.76771724E+01
  0.87003384E+00 -0.76001888E+01
  0.88478018E+00 -0.75222287E+01
  0.89952651E+00 -0.74433226E+01
  0.91427285E+00 -0.73635030E+01
  0.92901919E+00 -0.72828050E+01
  0.94376552E+00 -0.72012664E+01
  0.95851186E+00 -0.71189277E+01
  0.97325820E+00 -0.70358330E+01
  0.98800453E+00 -0.69520297E+01
  0.10027509E+01 -0.68675693E+01
  0.10174972E+01 -0.67825080E+01
  0.10322435E+01 -0.66969069E+01
  0.10469899E+01 -0.66108328E+01
  0.10617362E+01 -0.65243589E+01
  0.10764825E+01 -0.64375656E+01
  0.10912289E+01 -0.63505416E+01
  0.11059752E+01 -0.62633848E+01
  0.11207216E+01 -0.61762033E+01
  0.11354679E+01 -0.60891174E+01
  0.11502142E+01 -0.60022605E+01
  0.11649606E+01 -0.59157809E+01
  0.11797069E+01 -0.58298439E+01
  0.11944532E+01 -0.57446337E+01
  0.12091996E+01 -0.56603557E+01
  0.12239459E+01 -0.55772383E+01
  0.12386922E+01 -0.54955363E+01
  0.12534386E+01 -0.54155322E+01
  0.12681849E+01 -0.53375391E+01
  0.12829313E+01 -0.52619025E+01
  0.12976776E+01 -0.51890014E+01
  0.13124239E+01 -0.51192489E+01
  0.13271703E+01 -0.50530912E+01
  0.13419166E+01 -0.49910046E+01
  0.13566629E+01 -0.49334909E+01
  0.13714093E+01 -0.48810685E+01
  0.13861556E+01 -0.48342615E+01
  0.14009019E+01 -0.47935848E+01
  0.14156483E+01 -0.47595260E+01
  0.14303946E+01 -0.47325249E+01
  0.14451410E+01 -0.47129525E+01
  0.14598873E+01 -0.47010911E+01
  0.14746336E+01 -0.46971172E+01
  0.14893126E+01 -0.46964050E+01
  0.15039916E+01 -0.46942686E+01
  0.15186705E+01 -0.46907079E+01
  0.15333495E+01 -0.46857229E+01
  0.15480285E+01 -0.46793137E+01
  0.15627074E+01 -0.46714803E+01
  0.15773864E+01 -0.46622228E+01
  0.15920654E+01 -0.46515411E+01
  0.16067443E+01 -0.46394353E+01
  0.16214233E+01 -0.46259054E+01
  0.16361023E+01 -0.46109513E+01
  0.16507812E+01 -0.45945731E+01
  0.16654602E+01 -0.45767706E+01
  0.16801392E+01 -0.45575438E+01
  0.16948181E+01 -0.45368926E+01
  0.17094971E+01 -0.45148169E+01
  0.17241761E+01 -0.44913166E+01
  0.17388550E+01 -0.44663917E+01
  0.17535340E+01 -0.44400422E+01
  0.17682130E+01 -0.44122680E+01
  0.17828919E+01 -0.43830693E+01
  0.17975709E+01 -0.43524462E+01
  0.18122499E+01 -0.43203991E+01
  0.18269289E+01 -0.42869285E+01
  0.18416078E+01 -0.42520351E+01
  0.18562868E+01 -0.42157196E+01
  0.18709658E+01 -0.41779833E+01
  0.18856447E+01 -0.41388276E+01
  0.19003237E+01 -0.40982540E+01
  0.19150027E+01 -0.40562646E+01
  0.19296816E+01 -0.40128616E+01
  0.19443606E+01 -0.39680479E+01
  0.19590396E+01 -0.39218262E+01
  0.19737185E+01 -0.38742002E+01
  0.19883975E+01 -0.38251734E+01
  0.20030765E+01 -0.37747501E+01
  0.20177554E+01 -0.37229346E+01
  0.20324344E+01 -0.36697318E+01
  0.20471134E+01 -0.36151467E+01
  0.20617923E+01 -0.35591846E+01
  0.20764713E+01 -0.35018513E+01
  0.20911503E+01 -0.34431525E+01
  0.21058292E+01 -0.33830943E+01
  0.21205082E+01 -0.33216828E+01
  0.21351872E+01 -0.32589243E+01
  0.21498661E+01 -0.31948249E+01
  0.21645451E+01 -0.31293911E+01
  0.21792241E+01 -0.30626291E+01
  0.21939030E+01 -0.29945451E+01
  0.22085820E+01 -0.29251452E+01
  0.22232610E+01 -0.28544354E+01
  0.22379399E+01 -0.27824215E+01
  0.22526189E+01 -0.27091093E+01
  0.22672979E+01 -0.26345043E+01
  0.22819768E+01 -0.25586118E+01
  0.22966558E+01 -0.24814371E+01
  0.23113348E+01 -0.24029852E+01
  0.23260138E+01 -0.23232612E+01
  0.23408204E+01 -0.24052064E+01
  0.23556270E+01 -0.24888779E+01
  0.23704336E+01 -0.25741989E+01
  0.23852402E+01 -0.26610900E+01
  0.24000468E+01 -0.27494698E+01
  0.24148534E+01 -0.28392553E+01
  0.24296600E+01 -0.29303623E+01
  0.24444666E+01 -0.30227059E+01
  0.24592732E+01 -0.31162007E+01
  0.24740799E+01 -0.32107616E+01
  0.24888865E+01 -0.33063037E+01
  0.25036931E+01 -0.34027427E+01
  0.25184997E+01 -0.34999957E+01
  0.25333063E+01 -0.35979807E+01
  0.25481129E+01 -0.36966172E+01
  0.25629195E+01 -0.37958266E+01
  0.25777261E+01 -0.38955319E+01
  0.25925327E+01 -0.39956583E+01
  0.26073394E+01 -0.40961327E+01
  0.26221460E+01 -0.41968844E+01
  0.26369526E+01 -0.42978449E+01
  0.26517592E+01 -0.43989477E+01
  0.26665658E+01 -0.45001287E+01
  0.26813724E+01 -0.46013260E+01
  0.26961790E+01 -0.47024797E+01
  0.27109856E+01 -0.48035321E+01
  0.27257922E+01 -0.49044278E+01
  0.27405989E+01 -0.50051132E+01
  0.27554055E+01 -0.51055367E+01
  0.27702121E+01 -0.52056487E+01
  0.27850187E+01 -0.53054015E+01
  0.27998253E+01 -0.54047489E+01
  0.28146319E+01 -0.55036469E+01
  0.28294385E+01 -0.56020527E+01
  0.28442451E+01 -0.56999254E+01
  0.28590517E+01 -0.57972254E+01
  0.28738584E+01 -0.58939149E+01
  0.28886650E+01 -0.59899574E+01
  0.29034716E+01 -0.60853178E+01
  0.29182782E+01 -0.61799623E+01
  0.29330848E+01 -0.62738586E+01
  0.29478914E+01 -0.63669757E+01
  0.29626980E+01 -0.64592837E+01
  0.29775046E+01 -0.65507540E+01
  0.29923112E+01 -0.66413594E+01
  0.30071179E+01 -0.67310736E+01
  0.30219245E+01 -0.68198717E+01
  0.30367311E+01 -0.69077296E+01
  0.30515377E+01 -0.69946246E+01
  0.30663443E+01 -0.70805350E+01
  0.30811509E+01 -0.71654398E+01
  0.30959575E+01 -0.72493195E+01
  0.31107641E+01 -0.73321550E+01
  0.31255707E+01 -0.74139285E+01
  0.31403773E+01 -0.74946229E+01
  0.31551840E+01 -0.75742220E+01
  0.31699906E+01 -0.76527101E+01
  0.31847972E+01 -0.77300726E+01
  0.31996038E+01 -0.78062952E+01
  0.32144104E+01 -0.78813647E+01
  0.32292170E+01 -0.79552680E+01
  0.32440236E+01 -0.80279929E+01
  0.32588302E+01 -0.80995276E+01
  0.32736368E+01 -0.81698608E+01
  0.32884435E+01 -0.80843755E+01
  0.33032501E+01 -0.79960769E+01
  0.33180567E+01 -0.79085101E+01
  0.33328633E+01 -0.78217107E+01
  0.33476699E+01 -0.77357107E+01
  0.33624765E+01 -0.76505395E+01
  0.33772831E+01 -0.75662242E+01
  0.33920897E+01 -0.74827901E+01
  0.34068963E+01 -0.74002617E+01
  0.34217030E+01 -0.73186631E+01
  0.34365096E+01 -0.72380190E+01
  0.34513162E+01 -0.71583553E+01
  0.34661228E+01 -0.70796999E+01
  0.34809294E+01 -0.70020837E+01
  0.34957360E+01 -0.69255408E+01
  0.35105426E+01 -0.68501093E+01
  0.35253492E+01 -0.67758317E+01
  0.35401558E+01 -0.67027555E+01
  0.35549625E+01 -0.66309329E+01
  0.35697691E+01 -0.65604212E+01
  0.35845757E+01 -0.64912827E+01
  0.35993823E+01 -0.64235842E+01
  0.36141889E+01 -0.63573965E+01
  0.36289955E+01 -0.62927943E+01
  0.36438021E+01 -0.62298547E+01
  0.36586087E+01 -0.61686572E+01
  0.36734153E+01 -0.61092821E+01
  0.36882219E+01 -0.60518095E+01
  0.37030286E+01 -0.59963190E+01
  0.37178352E+01 -0.59428876E+01
  0.37326418E+01 -0.58915895E+01
  0.37474484E+01 -0.58424948E+01
  0.37622550E+01 -0.57956687E+01
  0.37770616E+01 -0.57511710E+01
  0.37918682E+01 -0.57090551E+01
  0.38066748E+01 -0.56693684E+01
  0.38214814E+01 -0.56321511E+01
  0.38362881E+01 -0.55974371E+01
  0.38510947E+01 -0.55652536E+01
  0.38659013E+01 -0.55356218E+01
  0.38807079E+01 -0.55085571E+01
  0.38955145E+01 -0.54840699E+01
  0.39103211E+01 -0.54621661E+01
  0.39251277E+01 -0.54428483E+01
  0.39399343E+01 -0.54261162E+01
  0.39547409E+01 -0.54119674E+01
  0.39695476E+01 -0.54003987E+01
  0.39843542E+01 -0.53914061E+01
  0.39991608E+01 -0.53849859E+01
  0.40139674E+01 -0.53811351E+01
  0.40287740E+01 -0.53798517E+01
  
  0.00000000E+00  0.60319873E+01
  0.14746336E-01  0.60323461E+01
  0.29492673E-01  0.60334159E+01
  0.44239009E-01  0.60351820E+01
  0.58985345E-01  0.60376192E+01
  0.73731681E-01  0.60406927E+01
  0.88478018E-01  0.60443585E+01
  0.10322435E+00  0.60485638E+01
  0.11797069E+00  0.60532477E+01
  0.13271703E+00  0.60583421E+01
  0.14746336E+00  0.60637721E+01
  0.16220970E+00  0.60694574E+01
  0.17695604E+00  0.60753132E+01
  0.19170237E+00  0.60812511E+01
  0.20644871E+00  0.60871803E+01
  0.22119504E+00  0.60930089E+01
  0.23594138E+00  0.60986450E+01
  0.25068772E+00  0.61039979E+01
  0.26543405E+00  0.61089791E+01
  0.28018039E+00  0.61135038E+01
  0.29492673E+00  0.61174916E+01
  0.30967306E+00  0.61208673E+01
  0.32441940E+00  0.61235621E+01
  0.33916573E+00  0.61255138E+01
  0.35391207E+00  0.61266676E+01
  0.36865841E+00  0.61269762E+01
  0.38340474E+00  0.61263997E+01
  0.39815108E+00  0.61249064E+01
  0.41289742E+00  0.61224714E+01
  0.42764375E+00  0.61190773E+01
  0.44239009E+00  0.61147132E+01
  0.45713643E+00  0.61093740E+01
  0.47188276E+00  0.61030605E+01
  0.48662910E+00  0.60957778E+01
  0.50137543E+00  0.60875353E+01
  0.51612177E+00  0.60783456E+01
  0.53086811E+00  0.60682241E+01
  0.54561444E+00  0.60571883E+01
  0.56036078E+00  0.60452573E+01
  0.57510712E+00  0.60324513E+01
  0.58985345E+00  0.60187912E+01
  0.60459979E+00  0.60042987E+01
  0.61934612E+00  0.59889956E+01
  0.63409246E+00  0.59217207E+01
  0.64883880E+00  0.57905838E+01
  0.66358513E+00  0.56580505E+01
  0.67833147E+00  0.55241992E+01
  0.69307781E+00  0.53891099E+01
  0.70782414E+00  0.52528644E+01
  0.72257048E+00  0.51155465E+01
  0.73731681E+00  0.49772418E+01
  0.75206315E+00  0.48380379E+01
  0.76680949E+00  0.46980239E+01
  0.78155582E+00  0.45572909E+01
  0.79630216E+00  0.44159315E+01
  0.81104850E+00  0.42740397E+01
  0.82579483E+00  0.41317107E+01
  0.84054117E+00  0.39890409E+01
  0.85528751E+00  0.38461277E+01
  0.87003384E+00  0.37030690E+01
  0.88478018E+00  0.35599632E+01
  0.89952651E+00  0.34169094E+01
  0.91427285E+00  0.32740066E+01
  0.92901919E+00  0.31313542E+01
  0.94376552E+00  0.29890515E+01
  0.95851186E+00  0.28471981E+01
  0.97325820E+00  0.27058939E+01
  0.98800453E+00  0.25652390E+01
  0.10027509E+01  0.24253343E+01
  0.10174972E+01  0.22862817E+01
  0.10322435E+01  0.21481848E+01
  0.10469899E+01  0.20111489E+01
  0.10617362E+01  0.18752826E+01
  0.10764825E+01  0.17406978E+01
  0.10912289E+01  0.16075115E+01
  0.11059752E+01  0.14758463E+01
  0.11207216E+01  0.13458324E+01
  0.11354679E+01  0.12176083E+01
  0.11502142E+01  0.10913235E+01
  0.11649606E+01  0.96713955E+00
  0.11797069E+01  0.84523260E+00
  0.11944532E+01  0.72579552E+00
  0.12091996E+01  0.60904032E+00
  0.12239459E+01  0.49520075E+00
  0.12386922E+01  0.38453485E+00
  0.12534386E+01  0.27732759E+00
  0.12681849E+01  0.17389333E+00
  0.12829313E+01  0.74577850E-01
  0.12976776E+01 -0.20240082E-01
  0.13124239E+01 -0.11014820E+00
  0.13271703E+01 -0.19470154E+00
  0.13419166E+01 -0.27342510E+00
  0.13566629E+01 -0.34581892E+00
  0.13714093E+01 -0.41136612E+00
  0.13861556E+01 -0.46954415E+00
  0.14009019E+01 -0.51983969E+00
  0.14156483E+01 -0.56176653E+00
  0.14303946E+01 -0.59488595E+00
  0.14451410E+01 -0.61882782E+00
  0.14598873E+01 -0.63331070E+00
  0.14746336E+01 -0.63815833E+00
  0.14893126E+01 -0.63834128E+00
  0.15039916E+01 -0.63889123E+00
  0.15186705E+01 -0.63981149E+00
  0.15333495E+01 -0.64110763E+00
  0.15480285E+01 -0.64278752E+00
  0.15627074E+01 -0.64486141E+00
  0.15773864E+01 -0.64734204E+00
  0.15920654E+01 -0.65024470E+00
  0.16067443E+01 -0.65358743E+00
  0.16214233E+01 -0.65739104E+00
  0.16361023E+01 -0.66167934E+00
  0.16507812E+01 -0.66647917E+00
  0.16654602E+01 -0.67182058E+00
  0.16801392E+01 -0.67773688E+00
  0.16948181E+01 -0.68426475E+00
  0.17094971E+01 -0.69144426E+00
  0.17241761E+01 -0.69931893E+00
  0.17388550E+01 -0.70793570E+00
  0.17535340E+01 -0.71734488E+00
  0.17682130E+01 -0.72760008E+00
  0.17828919E+01 -0.73875806E+00
  0.17975709E+01 -0.75087856E+00
  0.18122499E+01 -0.76402411E+00
  0.18269289E+01 -0.77825971E+00
  0.18416078E+01 -0.79365256E+00
  0.18562868E+01 -0.81027170E+00
  0.18709658E+01 -0.82818762E+00
  0.18856447E+01 -0.84747180E+00
  0.19003237E+01 -0.86819630E+00
  0.19150027E+01 -0.89043321E+00
  0.19296816E+01 -0.91425416E+00
  0.19443606E+01 -0.93972982E+00
  0.19590396E+01 -0.96692929E+00
  0.19737185E+01 -0.99591960E+00
  0.19883975E+01 -0.10267651E+01
  0.20030765E+01 -0.10595272E+01
  0.20177554E+01 -0.10942632E+01
  0.20324344E+01 -0.11310267E+01
  0.20471134E+01 -0.11698662E+01
  0.20617923E+01 -0.12108255E+01
  0.20764713E+01 -0.12539426E+01
  0.20911503E+01 -0.12992498E+01
  0.21058292E+01 -0.13467734E+01
  0.21205082E+01 -0.13965330E+01
  0.21351872E+01 -0.14485420E+01
  0.21498661E+01 -0.15028068E+01
  0.21645451E+01 -0.15593271E+01
  0.21792241E+01 -0.16180958E+01
  0.21939030E+01 -0.16790991E+01
  0.22085820E+01 -0.17423165E+01
  0.22232610E+01 -0.18077209E+01
  0.22379399E+01 -0.18752789E+01
  0.22526189E+01 -0.19449511E+01
  0.22672979E+01 -0.20166924E+01
  0.22819768E+01 -0.20904520E+01
  0.22966558E+01 -0.21661743E+01
  0.23113348E+01 -0.22437989E+01
  0.23260138E+01 -0.23232611E+01
  0.23408204E+01 -0.22415600E+01
  0.23556270E+01 -0.21585746E+01
  0.23704336E+01 -0.20743099E+01
  0.23852402E+01 -0.19887712E+01
  0.24000468E+01 -0.19019636E+01
  0.24148534E+01 -0.18138928E+01
  0.24296600E+01 -0.17245646E+01
  0.24444666E+01 -0.16339851E+01
  0.24592732E+01 -0.15421611E+01
  0.24740799E+01 -0.14490996E+01
  0.24888865E+01 -0.13548084E+01
  0.25036931E+01 -0.12592959E+01
  0.25184997E+01 -0.11625712E+01
  0.25333063E+01 -0.10646441E+01
  0.25481129E+01 -0.96552515E+00
  0.25629195E+01 -0.86522595E+00
  0.25777261E+01 -0.76375878E+00
  0.25925327E+01 -0.66113682E+00
  0.26073394E+01 -0.55737414E+00
  0.26221460E+01 -0.45248569E+00
  0.26369526E+01 -0.34648726E+00
  0.26517592E+01 -0.23939545E+00
  0.26665658E+01 -0.13122770E+00
  0.26813724E+01 -0.22002169E-01
  0.26961790E+01  0.88262258E-01
  0.27109856E+01  0.19954604E+00
  0.27257922E+01  0.31182902E+00
  0.27405989E+01  0.42509050E+00
  0.27554055E+01  0.53930929E+00
  0.27702121E+01  0.65446371E+00
  0.27850187E+01  0.77053174E+00
  0.27998253E+01  0.88749094E+00
  0.28146319E+01  0.10053186E+01
  0.28294385E+01  0.11239916E+01
  0.28442451E+01  0.12434867E+01
  0.28590517E+01  0.13637802E+01
  0.28738584E+01  0.14848481E+01
  0.28886650E+01  0.16066664E+01
  0.29034716E+01  0.17292102E+01
  0.29182782E+01  0.18524547E+01
  0.29330848E+01  0.19763742E+01
  0.29478914E+01  0.21009429E+01
  0.29626980E+01  0.22261339E+01
  0.29775046E+01  0.23519199E+01
  0.29923112E+01  0.24782726E+01
  0.30071179E+01  0.26051629E+01
  0.30219245E+01  0.27325603E+01
  0.30367311E+01  0.28604335E+01
  0.30515377E+01  0.29887497E+01
  0.30663443E+01  0.31174744E+01
  0.30811509E+01  0.32465720E+01
  0.30959575E+01  0.33760048E+01
  0.31107641E+01  0.35057333E+01
  0.31255707E+01  0.36357164E+01
  0.31403773E+01  0.37659106E+01
  0.31551840E+01  0.38962703E+01
  0.31699906E+01  0.40267480E+01
  0.31847972E+01  0.41572935E+01
  0.31996038E+01  0.42878545E+01
  0.32144104E+01  0.44183764E+01
  0.32292170E+01  0.45488018E+01
  0.32440236E+01  0.46790714E+01
  0.32588302E+01  0.48091231E+01
  0.32736368E+01  0.49388925E+01
  0.32884435E+01  0.50683127E+01
  0.33032501E+01  0.51973146E+01
  0.33180567E+01  0.53258268E+01
  0.33328633E+01  0.54537753E+01
  0.33476699E+01  0.55810844E+01
  0.33624765E+01  0.57076759E+01
  0.33772831E+01  0.58334696E+01
  0.33920897E+01  0.59583834E+01
  0.34068963E+01  0.60823334E+01
  0.34217030E+01  0.62052337E+01
  0.34365096E+01  0.63269969E+01
  0.34513162E+01  0.64475337E+01
  0.34661228E+01  0.65667536E+01
  0.34809294E+01  0.66845645E+01
  0.34957360E+01  0.66938869E+01
  0.35105426E+01  0.66590272E+01
  0.35253492E+01  0.66247596E+01
  0.35401558E+01  0.65910602E+01
  0.35549625E+01  0.65579249E+01
  0.35697691E+01  0.65253675E+01
  0.35845757E+01  0.64934180E+01
  0.35993823E+01  0.64621206E+01
  0.36141889E+01  0.64315313E+01
  0.36289955E+01  0.64017152E+01
  0.36438021E+01  0.63727441E+01
  0.36586087E+01  0.63446934E+01
  0.36734153E+01  0.63176399E+01
  0.36882219E+01  0.62916586E+01
  0.37030286E+01  0.62668205E+01
  0.37178352E+01  0.62431903E+01
  0.37326418E+01  0.62208246E+01
  0.37474484E+01  0.61997696E+01
  0.37622550E+01  0.61800604E+01
  0.37770616E+01  0.61617198E+01
  0.37918682E+01  0.61447578E+01
  0.38066748E+01  0.61291714E+01
  0.38214814E+01  0.61149454E+01
  0.38362881E+01  0.61020525E+01
  0.38510947E+01  0.60904550E+01
  0.38659013E+01  0.60801059E+01
  0.38807079E+01  0.60709509E+01
  0.38955145E+01  0.60629302E+01
  0.39103211E+01  0.60559806E+01
  0.39251277E+01  0.60500380E+01
  0.39399343E+01  0.60450392E+01
  0.39547409E+01  0.60409245E+01
  0.39695476E+01  0.60376394E+01
  0.39843542E+01  0.60351366E+01
  0.39991608E+01  0.60333776E+01
  0.40139674E+01  0.60323338E+01
  0.40287740E+01  0.60319873E+01
  
  0.00000000E+00  0.60319879E+01
  0.14746336E-01  0.60345484E+01
  0.29492673E-01  0.60422295E+01
  0.44239009E-01  0.60550238E+01
  0.58985345E-01  0.60729201E+01
  0.73731681E-01  0.60959021E+01
  0.88478018E-01  0.61239489E+01
  0.10322435E+00  0.61570336E+01
  0.11797069E+00  0.61951238E+01
  0.13271703E+00  0.62381811E+01
  0.14746336E+00  0.62861604E+01
  0.16220970E+00  0.63390098E+01
  0.17695604E+00  0.63966703E+01
  0.19170237E+00  0.64590755E+01
  0.20644871E+00  0.65261517E+01
  0.22119504E+00  0.65978177E+01
  0.23594138E+00  0.66739851E+01
  0.25068772E+00  0.67545583E+01
  0.26543405E+00  0.68394350E+01
  0.28018039E+00  0.69285068E+01
  0.29492673E+00  0.70216598E+01
  0.30967306E+00  0.71187750E+01
  0.32441940E+00  0.72197295E+01
  0.33916573E+00  0.73243973E+01
  0.35391207E+00  0.74326501E+01
  0.36865841E+00  0.75443584E+01
  0.38340474E+00  0.76593923E+01
  0.39815108E+00  0.77700510E+01
  0.41289742E+00  0.76712017E+01
  0.42764375E+00  0.75697857E+01
  0.44239009E+00  0.74658794E+01
  0.45713643E+00  0.73595579E+01
  0.47188276E+00  0.72508956E+01
  0.48662910E+00  0.71399657E+01
  0.50137543E+00  0.70268408E+01
  0.51612177E+00  0.69115925E+01
  0.53086811E+00  0.67942923E+01
  0.54561444E+00  0.66750112E+01
  0.56036078E+00  0.65538201E+01
  0.57510712E+00  0.64307900E+01
  0.58985345E+00  0.63059925E+01
  0.60459979E+00  0.61794996E+01
  0.61934612E+00  0.60513844E+01
  0.63409246E+00  0.59729041E+01
  0.64883880E+00  0.59560470E+01
  0.66358513E+00  0.59384473E+01
  0.67833147E+00  0.59201293E+01
  0.69307781E+00  0.59011180E+01
  0.70782414E+00  0.58814402E+01
  0.72257048E+00  0.58611245E+01
  0.73731681E+00  0.58402021E+01
  0.75206315E+00  0.58187069E+01
  0.76680949E+00  0.57966763E+01
  0.78155582E+00  0.57741516E+01
  0.79630216E+00  0.57511778E+01
  0.81104850E+00  0.57278048E+01
  0.82579483E+00  0.57040868E+01
  0.84054117E+00  0.56800829E+01
  0.85528751E+00  0.56558564E+01
  0.87003384E+00  0.56314755E+01
  0.88478018E+00  0.56070122E+01
  0.89952651E+00  0.55825421E+01
  0.91427285E+00  0.55581439E+01
  0.92901919E+00  0.55338984E+01
  0.94376552E+00  0.55098880E+01
  0.95851186E+00  0.54861955E+01
  0.97325820E+00  0.54629033E+01
  0.98800453E+00  0.54400923E+01
  0.10027509E+01  0.54178408E+01
  0.10174972E+01  0.53962236E+01
  0.10322435E+01  0.53753110E+01
  0.10469899E+01  0.53551677E+01
  0.10617362E+01  0.53358522E+01
  0.10764825E+01  0.53174158E+01
  0.10912289E+01  0.52999022E+01
  0.11059752E+01  0.52833469E+01
  0.11207216E+01  0.52677766E+01
  0.11354679E+01  0.52532093E+01
  0.11502142E+01  0.52396542E+01
  0.11649606E+01  0.52271116E+01
  0.11797069E+01  0.52155730E+01
  0.11944532E+01  0.52050220E+01
  0.12091996E+01  0.51954342E+01
  0.12239459E+01  0.51867782E+01
  0.12386922E+01  0.51790161E+01
  0.12534386E+01  0.51721045E+01
  0.12681849E+01  0.51659953E+01
  0.12829313E+01  0.51606368E+01
  0.12976776E+01  0.51559747E+01
  0.13124239E+01  0.51519529E+01
  0.13271703E+01  0.51485151E+01
  0.13419166E+01  0.51456054E+01
  0.13566629E+01  0.51431696E+01
  0.13714093E+01  0.51411561E+01
  0.13861556E+01  0.51395170E+01
  0.14009019E+01  0.51382086E+01
  0.14156483E+01  0.51371929E+01
  0.14303946E+01  0.51364375E+01
  0.14451410E+01  0.51359167E+01
  0.14598873E+01  0.51356118E+01
  0.14746336E+01  0.51355114E+01
  0.14893126E+01  0.51385944E+01
  0.15039916E+01  0.51478525E+01
  0.15186705E+01  0.51633131E+01
  0.15333495E+01  0.51850209E+01
  0.15480285E+01  0.52130360E+01
  0.15627074E+01  0.52474321E+01
  0.15773864E+01  0.52882938E+01
  0.15920654E+01  0.53357136E+01
  0.16067443E+01  0.53897883E+01
  0.16214233E+01  0.54506152E+01
  0.16361023E+01  0.55182886E+01
  0.16507812E+01  0.55928954E+01
  0.16654602E+01  0.56745113E+01
  0.16801392E+01  0.57631964E+01
  0.16948181E+01  0.58589923E+01
  0.17094971E+01  0.59619176E+01
  0.17241761E+01  0.60719650E+01
  0.17388550E+01  0.61890982E+01
  0.17535340E+01  0.63132496E+01
  0.17682130E+01  0.64443178E+01
  0.17828919E+01  0.65821660E+01
  0.17975709E+01  0.67266207E+01
  0.18122499E+01  0.68774707E+01
  0.18269289E+01  0.70344674E+01
  0.18416078E+01  0.71973239E+01
  0.18562868E+01  0.73657163E+01
  0.18709658E+01  0.75392847E+01
  0.18856447E+01  0.77176340E+01
  0.19003237E+01  0.79003365E+01
  0.19150027E+01  0.80869334E+01
  0.19296816E+01  0.82769378E+01
  0.19443606E+01  0.84698370E+01
  0.19590396E+01  0.86650960E+01
  0.19737185E+01  0.88621608E+01
  0.19883975E+01  0.90604615E+01
  0.20030765E+01  0.92594162E+01
  0.20177554E+01  0.94584345E+01
  0.20324344E+01  0.96569218E+01
  0.20471134E+01  0.98542821E+01
  0.20617923E+01  0.10049923E+02
  0.20764713E+01  0.10243257E+02
  0.20911503E+01  0.10433709E+02
  0.21058292E+01  0.10620716E+02
  0.21205082E+01  0.10803732E+02
  0.21351872E+01  0.10982229E+02
  0.21498661E+01  0.11155702E+02
  0.21645451E+01  0.11323673E+02
  0.21792241E+01  0.11485686E+02
  0.21939030E+01  0.11641319E+02
  0.22085820E+01  0.11790174E+02
  0.22232610E+01  0.11931889E+02
  0.22379399E+01  0.12066133E+02
  0.22526189E+01  0.12192605E+02
  0.22672979E+01  0.12311039E+02
  0.22819768E+01  0.12421203E+02
  0.22966558E+01  0.12522895E+02
  0.23113348E+01  0.12615946E+02
  0.23260138E+01  0.12700219E+02
  0.23408204E+01  0.12619696E+02
  0.23556270E+01  0.12539926E+02
  0.23704336E+01  0.12460817E+02
  0.23852402E+01  0.12382276E+02
  0.24000468E+01  0.12304212E+02
  0.24148534E+01  0.12226545E+02
  0.24296600E+01  0.12149200E+02
  0.24444666E+01  0.12072113E+02
  0.24592732E+01  0.11995231E+02
  0.24740799E+01  0.11918516E+02
  0.24888865E+01  0.11841944E+02
  0.25036931E+01  0.11765505E+02
  0.25184997E+01  0.11689207E+02
  0.25333063E+01  0.11613072E+02
  0.25481129E+01  0.11537140E+02
  0.25629195E+01  0.11461468E+02
  0.25777261E+01  0.11386125E+02
  0.25925327E+01  0.11311197E+02
  0.26073394E+01  0.11236782E+02
  0.26221460E+01  0.11162989E+02
  0.26369526E+01  0.11089935E+02
  0.26517592E+01  0.11017748E+02
  0.26665658E+01  0.10946558E+02
  0.26813724E+01  0.10876497E+02
  0.26961790E+01  0.10807701E+02
  0.27109856E+01  0.10740298E+02
  0.27257922E+01  0.10674416E+02
  0.27405989E+01  0.10610172E+02
  0.27554055E+01  0.10547674E+02
  0.27702121E+01  0.10487019E+02
  0.27850187E+01  0.10428286E+02
  0.27998253E+01  0.10371541E+02
  0.28146319E+01  0.10316831E+02
  0.28294385E+01  0.10264182E+02
  0.28442451E+01  0.10213600E+02
  0.28590517E+01  0.10165071E+02
  0.28738584E+01  0.10118557E+02
  0.28886650E+01  0.10073998E+02
  0.29034716E+01  0.10031313E+02
  0.29182782E+01  0.99629979E+01
  0.29330848E+01  0.98176162E+01
  0.29478914E+01  0.96736525E+01
  0.29626980E+01  0.95314857E+01
  0.29775046E+01  0.93914737E+01
  0.29923112E+01  0.92539549E+01
  0.30071179E+01  0.91192465E+01
  0.30219245E+01  0.89876418E+01
  0.30367311E+01  0.88594084E+01
  0.30515377E+01  0.87347857E+01
  0.30663443E+01  0.86139840E+01
  0.30811509E+01  0.84971823E+01
  0.30959575E+01  0.83845278E+01
  0.31107641E+01  0.82761348E+01
  0.31255707E+01  0.81720841E+01
  0.31403773E+01  0.80724235E+01
  0.31551840E+01  0.79771677E+01
  0.31699906E+01  0.78862991E+01
  0.31847972E+01  0.77997690E+01
  0.31996038E+01  0.77174990E+01
  0.32144104E+01  0.76393828E+01
  0.32292170E+01  0.75652886E+01
  0.32440236E+01  0.74950614E+01
  0.32588302E+01  0.74285257E+01
  0.32736368E+01  0.73654889E+01
  0.32884435E+01  0.73057439E+01
  0.33032501E+01  0.72490730E+01
  0.33180567E+01  0.71952511E+01
  0.33328633E+01  0.71440490E+01
  0.33476699E+01  0.70952371E+01
  0.33624765E+01  0.70485889E+01
  0.33772831E+01  0.70038836E+01
  0.33920897E+01  0.69609098E+01
  0.34068963E+01  0.69194680E+01
  0.34217030E+01  0.68793733E+01
  0.34365096E+01  0.68404573E+01
  0.34513162E+01  0.68025700E+01
  0.34661228E+01  0.67655816E+01
  0.34809294E+01  0.67293831E+01
  0.34957360E+01  0.68008731E+01
  0.35105426E+01  0.69155848E+01
  0.35253492E+01  0.70286040E+01
  0.35401558E+01  0.71398339E+01
  0.35549625E+01  0.72491771E+01
  0.35697691E+01  0.73565353E+01
  0.35845757E+01  0.74618096E+01
  0.35993823E+01  0.75649008E+01
  0.36141889E+01  0.75402578E+01
  0.36289955E+01  0.74614626E+01
  0.36438021E+01  0.73824549E+01
  0.36586087E+01  0.73034153E+01
  0.36734153E+01  0.72245439E+01
  0.36882219E+01  0.71460585E+01
  0.37030286E+01  0.70681938E+01
  0.37178352E+01  0.69911985E+01
  0.37326418E+01  0.69153334E+01
  0.37474484E+01  0.68408683E+01
  0.37622550E+01  0.67680797E+01
  0.37770616E+01  0.66972476E+01
  0.37918682E+01  0.66286530E+01
  0.38066748E+01  0.65625748E+01
  0.38214814E+01  0.64992879E+01
  0.38362881E+01  0.64390598E+01
  0.38510947E+01  0.63821493E+01
  0.38659013E+01  0.63288037E+01
  0.38807079E+01  0.62792575E+01
  0.38955145E+01  0.62337300E+01
  0.39103211E+01  0.61924244E+01
  0.39251277E+01  0.61555260E+01
  0.39399343E+01  0.61232013E+01
  0.39547409E+01  0.60955966E+01
  0.39695476E+01  0.60728372E+01
  0.39843542E+01  0.60550268E+01
  0.39991608E+01  0.60422466E+01
  0.40139674E+01  0.60345550E+01
  0.40287740E+01  0.60319879E+01
  
  0.00000000E+00  0.91898311E+01
  0.14746336E-01  0.91877186E+01
  0.29492673E-01  0.91813844E+01
  0.44239009E-01  0.91708379E+01
  0.58985345E-01  0.91560949E+01
  0.73731681E-01  0.91371773E+01
  0.88478018E-01  0.91141131E+01
  0.10322435E+00  0.90869359E+01
  0.11797069E+00  0.90556852E+01
  0.13271703E+00  0.90204055E+01
  0.14746336E+00  0.89811465E+01
  0.16220970E+00  0.89379627E+01
  0.17695604E+00  0.88909129E+01
  0.19170237E+00  0.88400598E+01
  0.20644871E+00  0.87854697E+01
  0.22119504E+00  0.87272124E+01
  0.23594138E+00  0.86653602E+01
  0.25068772E+00  0.85999878E+01
  0.26543405E+00  0.85311721E+01
  0.28018039E+00  0.84589914E+01
  0.29492673E+00  0.83835254E+01
  0.30967306E+00  0.83048544E+01
  0.32441940E+00  0.82230593E+01
  0.33916573E+00  0.81382212E+01
  0.35391207E+00  0.80504211E+01
  0.36865841E+00  0.79597395E+01
  0.38340474E+00  0.78662564E+01
  0.39815108E+00  0.77776228E+01
  0.41289742E+00  0.78989223E+01
  0.42764375E+00  0.80231659E+01
  0.44239009E+00  0.81502318E+01
  0.45713643E+00  0.82800023E+01
  0.47188276E+00  0.84123640E+01
  0.48662910E+00  0.85472086E+01
  0.50137543E+00  0.86844332E+01
  0.51612177E+00  0.88239403E+01
  0.53086811E+00  0.89656379E+01
  0.54561444E+00  0.91094397E+01
  0.56036078E+00  0.92552645E+01
  0.57510712E+00  0.94030361E+01
  0.58985345E+00  0.95526829E+01
  0.60459979E+00  0.97041373E+01
  0.61934612E+00  0.98573351E+01
  0.63409246E+00  0.10012215E+02
  0.64883880E+00  0.10168717E+02
  0.66358513E+00  0.10326785E+02
  0.67833147E+00  0.10486359E+02
  0.69307781E+00  0.10647382E+02
  0.70782414E+00  0.10809795E+02
  0.72257048E+00  0.10973539E+02
  0.73731681E+00  0.11138548E+02
  0.75206315E+00  0.11304758E+02
  0.76680949E+00  0.11472097E+02
  0.78155582E+00  0.11640491E+02
  0.79630216E+00  0.11809860E+02
  0.81104850E+00  0.11980120E+02
  0.82579483E+00  0.12151177E+02
  0.84054117E+00  0.12322935E+02
  0.85528751E+00  0.12495290E+02
  0.87003384E+00  0.12668128E+02
  0.88478018E+00  0.12841331E+02
  0.89952651E+00  0.13014771E+02
  0.91427285E+00  0.13188312E+02
  0.92901919E+00  0.13361811E+02
  0.94376552E+00  0.13535114E+02
  0.95851186E+00  0.13708060E+02
  0.97325820E+00  0.13880477E+02
  0.98800453E+00  0.14052185E+02
  0.10027509E+01  0.14222992E+02
  0.10174972E+01  0.14392698E+02
  0.10322435E+01  0.14561092E+02
  0.10469899E+01  0.14727953E+02
  0.10617362E+01  0.14893049E+02
  0.10764825E+01  0.15056139E+02
  0.10912289E+01  0.15216971E+02
  0.11059752E+01  0.15375284E+02
  0.11207216E+01  0.15530805E+02
  0.11354679E+01  0.15683256E+02
  0.11502142E+01  0.15832347E+02
  0.11649606E+01  0.15977783E+02
  0.11797069E+01  0.16119263E+02
  0.11944532E+01  0.16256479E+02
  0.12091996E+01  0.16389120E+02
  0.12239459E+01  0.16516873E+02
  0.12386922E+01  0.16639424E+02
  0.12534386E+01  0.16756461E+02
  0.12681849E+01  0.16867676E+02
  0.12829313E+01  0.16972764E+02
  0.12976776E+01  0.17071431E+02
  0.13124239E+01  0.17163389E+02
  0.13271703E+01  0.17248366E+02
  0.13419166E+01  0.17326103E+02
  0.13566629E+01  0.17396355E+02
  0.13714093E+01  0.17458901E+02
  0.13861556E+01  0.17513536E+02
  0.14009019E+01  0.17560082E+02
  0.14156483E+01  0.17598383E+02
  0.14303946E+01  0.17628309E+02
  0.14451410E+01  0.17649758E+02
  0.14598873E+01  0.17662658E+02
  0.14746336E+01  0.17666962E+02
  0.14893126E+01  0.17661280E+02
  0.15039916E+01  0.17644471E+02
  0.15186705E+01  0.17617204E+02
  0.15333495E+01  0.17580453E+02
  0.15480285E+01  0.17535335E+02
  0.15627074E+01  0.17482986E+02
  0.15773864E+01  0.17424459E+02
  0.15920654E+01  0.17360680E+02
  0.16067443E+01  0.17292434E+02
  0.16214233E+01  0.17220364E+02
  0.16361023E+01  0.17144994E+02
  0.16507812E+01  0.17066743E+02
  0.16654602E+01  0.16985942E+02
  0.16801392E+01  0.16902856E+02
  0.16948181E+01  0.16817697E+02
  0.17094971E+01  0.16730633E+02
  0.17241761E+01  0.16641801E+02
  0.17388550E+01  0.16551315E+02
  0.17535340E+01  0.16459275E+02
  0.17682130E+01  0.16365766E+02
  0.17828919E+01  0.16270870E+02
  0.17975709E+01  0.16174664E+02
  0.18122499E+01  0.16077227E+02
  0.18269289E+01  0.15978641E+02
  0.18416078E+01  0.15878990E+02
  0.18562868E+01  0.15778364E+02
  0.18709658E+01  0.15676862E+02
  0.18856447E+01  0.15574586E+02
  0.19003237E+01  0.15471647E+02
  0.19150027E+01  0.15368161E+02
  0.19296816E+01  0.15264251E+02
  0.19443606E+01  0.15160044E+02
  0.19590396E+01  0.15055672E+02
  0.19737185E+01  0.14951268E+02
  0.19883975E+01  0.14846970E+02
  0.20030765E+01  0.14742912E+02
  0.20177554E+01  0.14639229E+02
  0.20324344E+01  0.14536053E+02
  0.20471134E+01  0.14433509E+02
  0.20617923E+01  0.14331719E+02
  0.20764713E+01  0.14230795E+02
  0.20911503E+01  0.14130841E+02
  0.21058292E+01  0.14031951E+02
  0.21205082E+01  0.13934206E+02
  0.21351872E+01  0.13837677E+02
  0.21498661E+01  0.13742420E+02
  0.21645451E+01  0.13648477E+02
  0.21792241E+01  0.13555877E+02
  0.21939030E+01  0.13464635E+02
  0.22085820E+01  0.13374749E+02
  0.22232610E+01  0.13286206E+02
  0.22379399E+01  0.13198978E+02
  0.22526189E+01  0.13113025E+02
  0.22672979E+01  0.13028294E+02
  0.22819768E+01  0.12944724E+02
  0.22966558E+01  0.12862242E+02
  0.23113348E+01  0.12780768E+02
  0.23260138E+01  0.12700220E+02
  0.23408204E+01  0.12776342E+02
  0.23556270E+01  0.12843339E+02
  0.23704336E+01  0.12901163E+02
  0.23852402E+01  0.12949793E+02
  0.24000468E+01  0.12989236E+02
  0.24148534E+01  0.13019522E+02
  0.24296600E+01  0.13040707E+02
  0.24444666E+01  0.13052869E+02
  0.24592732E+01  0.13056105E+02
  0.24740799E+01  0.13050534E+02
  0.24888865E+01  0.13036291E+02
  0.25036931E+01  0.13013529E+02
  0.25184997E+01  0.12982417E+02
  0.25333063E+01  0.12943140E+02
  0.25481129E+01  0.12895897E+02
  0.25629195E+01  0.12840900E+02
  0.25777261E+01  0.12778375E+02
  0.25925327E+01  0.12708561E+02
  0.26073394E+01  0.12631710E+02
  0.26221460E+01  0.12548086E+02
  0.26369526E+01  0.12457965E+02
  0.26517592E+01  0.12361637E+02
  0.26665658E+01  0.12259401E+02
  0.26813724E+01  0.12151573E+02
  0.26961790E+01  0.12038477E+02
  0.27109856E+01  0.11920450E+02
  0.27257922E+01  0.11797842E+02
  0.27405989E+01  0.11671013E+02
  0.27554055E+01  0.11540334E+02
  0.27702121E+01  0.11406187E+02
  0.27850187E+01  0.11268963E+02
  0.27998253E+01  0.11129060E+02
  0.28146319E+01  0.10986887E+02
  0.28294385E+01  0.10842854E+02
  0.28442451E+01  0.10697378E+02
  0.28590517E+01  0.10550880E+02
  0.28738584E+01  0.10403777E+02
  0.28886650E+01  0.10256490E+02
  0.29034716E+01  0.10109431E+02
  0.29182782E+01  0.99904128E+01
  0.29330848E+01  0.99511466E+01
  0.29478914E+01  0.99133948E+01
  0.29626980E+01  0.98769936E+01
  0.29775046E+01  0.98417687E+01
  0.29923112E+01  0.98075324E+01
  0.30071179E+01  0.97740864E+01
  0.30219245E+01  0.97412237E+01
  0.30367311E+01  0.97087321E+01
  0.30515377E+01  0.96763961E+01
  0.30663443E+01  0.96440007E+01
  0.30811509E+01  0.96113335E+01
  0.30959575E+01  0.95781881E+01
  0.31107641E+01  0.95443663E+01
  0.31255707E+01  0.95096812E+01
  0.31403773E+01  0.94739588E+01
  0.31551840E+01  0.94370409E+01
  0.31699906E+01  0.93987860E+01
  0.31847972E+01  0.93590712E+01
  0.31996038E+01  0.93177929E+01
  0.32144104E+01  0.92748676E+01
  0.32292170E+01  0.92302316E+01
  0.32440236E+01  0.91838409E+01
  0.32588302E+01  0.91356704E+01
  0.32736368E+01  0.90857126E+01
  0.32884435E+01  0.90339760E+01
  0.33032501E+01  0.89804831E+01
  0.33180567E+01  0.89252685E+01
  0.33328633E+01  0.88683762E+01
  0.33476699E+01  0.88098575E+01
  0.33624765E+01  0.87497685E+01
  0.33772831E+01  0.86881677E+01
  0.33920897E+01  0.86251143E+01
  0.34068963E+01  0.85606661E+01
  0.34217030E+01  0.84948786E+01
  0.34365096E+01  0.84278039E+01
  0.34513162E+01  0.83594908E+01
  0.34661228E+01  0.82899848E+01
  0.34809294E+01  0.82193293E+01
  0.34957360E+01  0.81475669E+01
  0.35105426E+01  0.80747414E+01
  0.35253492E+01  0.80008999E+01
  0.35401558E+01  0.79260957E+01
  0.35549625E+01  0.78503908E+01
  0.35697691E+01  0.77738589E+01
  0.35845757E+01  0.76965872E+01
  0.35993823E+01  0.76186796E+01
  0.36141889E+01  0.76657091E+01
  0.36289955E+01  0.77641346E+01
  0.36438021E+01  0.78600776E+01
  0.36586087E+01  0.79534384E+01
  0.36734153E+01  0.80441178E+01
  0.36882219E+01  0.81320171E+01
  0.37030286E+01  0.82170385E+01
  0.37178352E+01  0.82990851E+01
  0.37326418E+01  0.83780616E+01
  0.37474484E+01  0.84538740E+01
  0.37622550E+01  0.85264303E+01
  0.37770616E+01  0.85956408E+01
  0.37918682E+01  0.86614178E+01
  0.38066748E+01  0.87236769E+01
  0.38214814E+01  0.87823364E+01
  0.38362881E+01  0.88373181E+01
  0.38510947E+01  0.88885475E+01
  0.38659013E+01  0.89359540E+01
  0.38807079E+01  0.89794716E+01
  0.38955145E+01  0.90190387E+01
  0.39103211E+01  0.90545986E+01
  0.39251277E+01  0.90860998E+01
  0.39399343E+01  0.91134963E+01
  0.39547409E+01  0.91367476E+01
  0.39695476E+01  0.91558192E+01
  0.39843542E+01  0.91706825E+01
  0.39991608E+01  0.91813152E+01
  0.40139674E+01  0.91877013E+01
  0.40287740E+01  0.91898311E+01
  
  0.00000000E+00  0.10338948E+02
  0.14746336E-01  0.10340011E+02
  0.29492673E-01  0.10343201E+02
  0.44239009E-01  0.10348525E+02
  0.58985345E-01  0.10355988E+02
  0.73731681E-01  0.10365604E+02
  0.88478018E-01  0.10377384E+02
  0.10322435E+00  0.10391346E+02
  0.11797069E+00  0.10407506E+02
  0.13271703E+00  0.10425885E+02
  0.14746336E+00  0.10446502E+02
  0.16220970E+00  0.10469378E+02
  0.17695604E+00  0.10494533E+02
  0.19170237E+00  0.10521987E+02
  0.20644871E+00  0.10551755E+02
  0.22119504E+00  0.10583854E+02
  0.23594138E+00  0.10618292E+02
  0.25068772E+00  0.10655078E+02
  0.26543405E+00  0.10694213E+02
  0.28018039E+00  0.10735693E+02
  0.29492673E+00  0.10779508E+02
  0.30967306E+00  0.10825643E+02
  0.32441940E+00  0.10874076E+02
  0.33916573E+00  0.10924778E+02
  0.35391207E+00  0.10977715E+02
  0.36865841E+00  0.11032847E+02
  0.38340474E+00  0.11090130E+02
  0.39815108E+00  0.11149516E+02
  0.41289742E+00  0.11210956E+02
  0.42764375E+00  0.11274397E+02
  0.44239009E+00  0.11339788E+02
  0.45713643E+00  0.11407081E+02
  0.47188276E+00  0.11476231E+02
  0.48662910E+00  0.11547197E+02
  0.50137543E+00  0.11619947E+02
  0.51612177E+00  0.11694457E+02
  0.53086811E+00  0.11770712E+02
  0.54561444E+00  0.11848708E+02
  0.56036078E+00  0.11928455E+02
  0.57510712E+00  0.12009975E+02
  0.58985345E+00  0.12093303E+02
  0.60459979E+00  0.12178489E+02
  0.61934612E+00  0.12265595E+02
  0.63409246E+00  0.12354697E+02
  0.64883880E+00  0.12445883E+02
  0.66358513E+00  0.12539253E+02
  0.67833147E+00  0.12634915E+02
  0.69307781E+00  0.12732986E+02
  0.70782414E+00  0.12833588E+02
  0.72257048E+00  0.12936847E+02
  0.73731681E+00  0.13042889E+02
  0.75206315E+00  0.13151837E+02
  0.76680949E+00  0.13263810E+02
  0.78155582E+00  0.13378919E+02
  0.79630216E+00  0.13497261E+02
  0.81104850E+00  0.13618923E+02
  0.82579483E+00  0.13743969E+02
  0.84054117E+00  0.13872448E+02
  0.85528751E+00  0.14004381E+02
  0.87003384E+00  0.14139769E+02
  0.88478018E+00  0.14278580E+02
  0.89952651E+00  0.14420756E+02
  0.91427285E+00  0.14566208E+02
  0.92901919E+00  0.14714811E+02
  0.94376552E+00  0.14866413E+02
  0.95851186E+00  0.15020824E+02
  0.97325820E+00  0.15177823E+02
  0.98800453E+00  0.15337156E+02
  0.10027509E+01  0.15498537E+02
  0.10174972E+01  0.15661649E+02
  0.10322435E+01  0.15826146E+02
  0.10469899E+01  0.15991654E+02
  0.10617362E+01  0.16157774E+02
  0.10764825E+01  0.16324084E+02
  0.10912289E+01  0.16490141E+02
  0.11059752E+01  0.16655485E+02
  0.11207216E+01  0.16819639E+02
  0.11354679E+01  0.16982117E+02
  0.11502142E+01  0.17142421E+02
  0.11649606E+01  0.17300050E+02
  0.11797069E+01  0.17454498E+02
  0.11944532E+01  0.17605260E+02
  0.12091996E+01  0.17751836E+02
  0.12239459E+01  0.17893729E+02
  0.12386922E+01  0.18030456E+02
  0.12534386E+01  0.18161542E+02
  0.12681849E+01  0.18286528E+02
  0.12829313E+01  0.18404975E+02
  0.12976776E+01  0.18516461E+02
  0.13124239E+01  0.18620586E+02
  0.13271703E+01  0.18716976E+02
  0.13419166E+01  0.18805282E+02
  0.13566629E+01  0.18885183E+02
  0.13714093E+01  0.18956389E+02
  0.13861556E+01  0.19018638E+02
  0.14009019E+01  0.19071703E+02
  0.14156483E+01  0.19115388E+02
  0.14303946E+01  0.19149534E+02
  0.14451410E+01  0.19174014E+02
  0.14598873E+01  0.19188738E+02
  0.14746336E+01  0.19193652E+02
  0.14893126E+01  0.19199277E+02
  0.15039916E+01  0.19215905E+02
  0.15186705E+01  0.19242849E+02
  0.15333495E+01  0.19279105E+02
  0.15480285E+01  0.19323510E+02
  0.15627074E+01  0.19374876E+02
  0.15773864E+01  0.19432086E+02
  0.15920654E+01  0.19494140E+02
  0.16067443E+01  0.19560176E+02
  0.16214233E+01  0.19629462E+02
  0.16361023E+01  0.19701388E+02
  0.16507812E+01  0.19775444E+02
  0.16654602E+01  0.19851204E+02
  0.16801392E+01  0.19928314E+02
  0.16948181E+01  0.20006476E+02
  0.17094971E+01  0.20085438E+02
  0.17241761E+01  0.20164985E+02
  0.17388550E+01  0.20244933E+02
  0.17535340E+01  0.20325123E+02
  0.17682130E+01  0.20405418E+02
  0.17828919E+01  0.20485694E+02
  0.17975709E+01  0.20565845E+02
  0.18122499E+01  0.20645770E+02
  0.18269289E+01  0.20725383E+02
  0.18416078E+01  0.20804598E+02
  0.18562868E+01  0.20883339E+02
  0.18709658E+01  0.20961529E+02
  0.18856447E+01  0.21039095E+02
  0.19003237E+01  0.21115963E+02
  0.19150027E+01  0.21192058E+02
  0.19296816E+01  0.21267303E+02
  0.19443606E+01  0.21341617E+02
  0.19590396E+01  0.21414915E+02
  0.19737185E+01  0.21487107E+02
  0.19883975E+01  0.21558097E+02
  0.20030765E+01  0.21627781E+02
  0.20177554E+01  0.21696052E+02
  0.20324344E+01  0.21762790E+02
  0.20471134E+01  0.21827871E+02
  0.20617923E+01  0.21891162E+02
  0.20764713E+01  0.21952523E+02
  0.20911503E+01  0.22011804E+02
  0.21058292E+01  0.22068851E+02
  0.21205082E+01  0.22123501E+02
  0.21351872E+01  0.22175586E+02
  0.21498661E+01  0.22224931E+02
  0.21645451E+01  0.22271360E+02
  0.21792241E+01  0.22314691E+02
  0.21939030E+01  0.22354741E+02
  0.22085820E+01  0.22391325E+02
  0.22232610E+01  0.22424260E+02
  0.22379399E+01  0.22453366E+02
  0.22526189E+01  0.22478463E+02
  0.22672979E+01  0.22499381E+02
  0.22819768E+01  0.22515950E+02
  0.22966558E+01  0.22528014E+02
  0.23113348E+01  0.22535423E+02
  0.23260138E+01  0.22538036E+02
  0.23408204E+01  0.22535679E+02
  0.23556270E+01  0.22528185E+02
  0.23704336E+01  0.22515449E+02
  0.23852402E+01  0.22497381E+02
  0.24000468E+01  0.22473907E+02
  0.24148534E+01  0.22444967E+02
  0.24296600E+01  0.22410518E+02
  0.24444666E+01  0.22370531E+02
  0.24592732E+01  0.22324994E+02
  0.24740799E+01  0.22273907E+02
  0.24888865E+01  0.22217287E+02
  0.25036931E+01  0.22155162E+02
  0.25184997E+01  0.22087576E+02
  0.25333063E+01  0.22014580E+02
  0.25481129E+01  0.21936240E+02
  0.25629195E+01  0.21852630E+02
  0.25777261E+01  0.21763832E+02
  0.25925327E+01  0.21669937E+02
  0.26073394E+01  0.21571043E+02
  0.26221460E+01  0.21467251E+02
  0.26369526E+01  0.21358671E+02
  0.26517592E+01  0.21245414E+02
  0.26665658E+01  0.21127596E+02
  0.26813724E+01  0.21005335E+02
  0.26961790E+01  0.20878751E+02
  0.27109856E+01  0.20747968E+02
  0.27257922E+01  0.20613108E+02
  0.27405989E+01  0.20474298E+02
  0.27554055E+01  0.20331665E+02
  0.27702121E+01  0.20185338E+02
  0.27850187E+01  0.20035447E+02
  0.27998253E+01  0.19882125E+02
  0.28146319E+01  0.19725508E+02
  0.28294385E+01  0.19565733E+02
  0.28442451E+01  0.19402944E+02
  0.28590517E+01  0.19237285E+02
  0.28738584E+01  0.19068908E+02
  0.28886650E+01  0.18897968E+02
  0.29034716E+01  0.18724628E+02
  0.29182782E+01  0.18549055E+02
  0.29330848E+01  0.18371423E+02
  0.29478914E+01  0.18191915E+02
  0.29626980E+01  0.18010718E+02
  0.29775046E+01  0.17828029E+02
  0.29923112E+01  0.17644050E+02
  0.30071179E+01  0.17458990E+02
  0.30219245E+01  0.17273064E+02
  0.30367311E+01  0.17086494E+02
  0.30515377E+01  0.16899504E+02
  0.30663443E+01  0.16712323E+02
  0.30811509E+01  0.16525183E+02
  0.30959575E+01  0.16338316E+02
  0.31107641E+01  0.16151954E+02
  0.31255707E+01  0.15966328E+02
  0.31403773E+01  0.15781664E+02
  0.31551840E+01  0.15598185E+02
  0.31699906E+01  0.15416106E+02
  0.31847972E+01  0.15235636E+02
  0.31996038E+01  0.15056976E+02
  0.32144104E+01  0.14880314E+02
  0.32292170E+01  0.14705832E+02
  0.32440236E+01  0.14533696E+02
  0.32588302E+01  0.14364065E+02
  0.32736368E+01  0.14197084E+02
  0.32884435E+01  0.14032890E+02
  0.33032501E+01  0.13871607E+02
  0.33180567E+01  0.13713350E+02
  0.33328633E+01  0.13558226E+02
  0.33476699E+01  0.13406336E+02
  0.33624765E+01  0.13257772E+02
  0.33772831E+01  0.13112623E+02
  0.33920897E+01  0.12970972E+02
  0.34068963E+01  0.12832900E+02
  0.34217030E+01  0.12698486E+02
  0.34365096E+01  0.12567804E+02
  0.34513162E+01  0.12440928E+02
  0.34661228E+01  0.12317928E+02
  0.34809294E+01  0.12198872E+02
  0.34957360E+01  0.12083820E+02
  0.35105426E+01  0.11972830E+02
  0.35253492E+01  0.11865949E+02
  0.35401558E+01  0.11763218E+02
  0.35549625E+01  0.11664662E+02
  0.35697691E+01  0.11570299E+02
  0.35845757E+01  0.11480129E+02
  0.35993823E+01  0.11394137E+02
  0.36141889E+01  0.11312295E+02
  0.36289955E+01  0.11234556E+02
  0.36438021E+01  0.11160858E+02
  0.36586087E+01  0.11091127E+02
  0.36734153E+01  0.11025273E+02
  0.36882219E+01  0.10963196E+02
  0.37030286E+01  0.10904786E+02
  0.37178352E+01  0.10849927E+02
  0.37326418E+01  0.10798498E+02
  0.37474484E+01  0.10750376E+02
  0.37622550E+01  0.10705439E+02
  0.37770616E+01  0.10663567E+02
  0.37918682E+01  0.10624644E+02
  0.38066748E+01  0.10588562E+02
  0.38214814E+01  0.10555217E+02
  0.38362881E+01  0.10524517E+02
  0.38510947E+01  0.10496376E+02
  0.38659013E+01  0.10470719E+02
  0.38807079E+01  0.10447478E+02
  0.38955145E+01  0.10426595E+02
  0.39103211E+01  0.10408023E+02
  0.39251277E+01  0.10391718E+02
  0.39399343E+01  0.10377647E+02
  0.39547409E+01  0.10365782E+02
  0.39695476E+01  0.10356101E+02
  0.39843542E+01  0.10348588E+02
  0.39991608E+01  0.10343229E+02
  0.40139674E+01  0.10340018E+02
  0.40287740E+01  0.10338948E+02
  
